2,21,1.0,
2,3893,1.0,
3,1261,1.0,
4,3527,1.0,
5,2916,1.0,
5,501,1.0,
5,2058,1.0,
5,733,1.0,
5,3513,1.0,
5,2717,1.0,
5,1127,1.0,
5,1279,1.0,
5,3744,1.0,
5,3020,1.0,
5,2159,1.0,
5,3249,1.0,
5,3100,1.0,
5,1721,1.0,
5,3113,1.0,
5,1594,1.0,
5,24,1.0,
5,2188,1.0,
5,356,1.0,
6,2858,1.0,
11,1682,1.0,
11,586,1.0,
11,2136,1.0,
11,2712,1.0,
11,2806,1.0,
11,3396,1.0,
11,3101,1.0,
11,2598,1.0,
11,2306,1.0,
11,3552,1.0,
11,788,1.0,
11,357,1.0,
11,1461,1.0,
11,435,1.0,
11,2355,1.0,
11,2507,1.0,
11,3249,1.0,
11,1573,1.0,
11,3182,1.0,
11,85,1.0,
11,986,1.0,
11,708,1.0,
12,2616,1.0,
13,3070,1.0,
14,2572,1.0,
14,2694,1.0,
14,1982,1.0,
14,608,1.0,
15,2702,1.0,
15,357,1.0,
15,2770,1.0,
15,2617,1.0,
16,2568,1.0,
16,2720,1.0,
16,2828,1.0,
16,2856,1.0,
18,1186,1.0,
18,3439,1.0,
18,1690,1.0,
18,3877,1.0,
18,3440,1.0,
18,736,1.0,
18,737,1.0,
18,168,1.0,
18,3889,1.0,
18,2723,1.0,
18,2807,1.0,
18,1367,1.0,
18,839,1.0,
18,1005,1.0,
18,405,1.0,
18,3623,1.0,
18,1882,1.0,
18,2253,1.0,
18,291,1.0,
18,47,1.0,
18,1049,1.0,
18,2421,1.0,
18,2422,1.0,
18,1552,1.0,
18,1126,1.0,
18,1635,1.0,
18,1562,1.0,
18,1499,1.0,
18,532,1.0,
18,2953,1.0,
18,2450,1.0,
18,1801,1.0,
18,2391,1.0,
18,95,1.0,
18,1591,1.0,
18,1739,1.0,
18,3911,1.0,
18,3418,1.0,
18,2617,1.0,
18,208,1.0,
18,2042,1.0,
19,2649,1.0,
19,2720,1.0,
19,2653,1.0,
19,405,1.0,
19,2699,1.0,
19,879,1.0,
19,2428,1.0,
19,76,1.0,
19,1650,1.0,
19,1655,1.0,
19,2600,1.0,
21,596,1.0,
21,3053,1.0,
21,1645,1.0,
21,2018,1.0,
21,2394,1.0,
21,3774,1.0,
22,3355,1.0,
22,1909,1.0,
22,1917,1.0,
22,1438,1.0,
22,1876,1.0,
22,3113,1.0,
22,1377,1.0,
22,1882,1.0,
22,786,1.0,
22,353,1.0,
22,2699,1.0,
22,1608,1.0,
22,2338,1.0,
22,798,1.0,
22,1037,1.0,
22,2273,1.0,
22,1544,1.0,
22,377,1.0,
22,1485,1.0,
22,3300,1.0,
22,3826,1.0,
22,3257,1.0,
22,2393,1.0,
22,2616,1.0,
23,3877,1.0,
23,2642,1.0,
23,2643,1.0,
23,3521,1.0,
23,2091,1.0,
23,1876,1.0,
23,3702,1.0,
23,357,1.0,
23,2005,1.0,
23,1060,1.0,
23,3266,1.0,
24,3354,1.0,
24,3707,1.0,
24,372,1.0,
24,208,1.0,
25,1882,1.0,
25,3676,1.0,
26,2053,1.0,
26,2059,1.0,
26,2700,1.0,
26,231,1.0,
26,818,1.0,
26,3608,1.0,
26,2746,1.0,
26,333,1.0,
26,337,1.0,
26,1517,1.0,
26,2174,1.0,
26,1376,1.0,
26,2683,1.0,
26,344,1.0,
26,784,1.0,
26,788,1.0,
26,1028,1.0,
26,429,1.0,
26,1391,1.0,
26,370,1.0,
26,518,1.0,
26,445,1.0,
26,1485,1.0,
26,2791,1.0,
26,1126,1.0,
26,2798,1.0,
26,2291,1.0,
26,2004,1.0,
26,3254,1.0,
26,2459,1.0,
26,3268,1.0,
27,2,1.0,
27,3593,1.0,
27,2005,1.0,
29,3793,1.0,
31,1188,1.0,
31,1976,1.0,
31,2780,1.0,
32,3286,1.0,
32,3821,1.0,
33,223,1.0,
33,1699,1.0,
33,3397,1.0,
33,3398,1.0,
33,17,1.0,
33,3095,1.0,
33,2384,1.0,
33,3693,1.0,
33,1095,1.0,
34,1188,1.0,
34,236,1.0,
34,1381,1.0,
34,2382,1.0,
34,2383,1.0,
34,2108,1.0,
35,728,1.0,
35,2633,1.0,
35,1760,1.0,
35,1408,1.0,
35,3512,1.0,
35,788,1.0,
35,1030,1.0,
35,3725,1.0,
35,3812,1.0,
35,1220,1.0,
35,1801,1.0,
2,1213,2.0,
2,434,2.0,
2,3107,2.0,
2,902,2.0,
2,3256,2.0,
2,3699,2.0,
2,2427,2.0,
2,95,2.0,
2,1090,2.0,
2,1968,2.0,
2,1245,2.0,
3,1641,2.0,
3,3619,2.0,
3,1265,2.0,
3,2617,2.0,
4,1196,2.0,
5,288,2.0,
5,2268,2.0,
5,860,2.0,
5,3578,2.0,
5,3793,2.0,
5,3079,2.0,
5,150,2.0,
5,3728,2.0,
5,6,2.0,
5,800,2.0,
5,52,2.0,
5,1191,2.0,
5,1268,2.0,
5,3514,2.0,
5,2070,2.0,
5,2437,2.0,
5,2725,2.0,
5,3386,2.0,
5,3176,2.0,
5,2806,2.0,
5,2734,2.0,
5,2952,2.0,
5,3105,2.0,
5,1722,2.0,
5,1653,2.0,
5,2028,2.0,
5,2607,2.0,
5,3266,2.0,
5,412,2.0,
5,3051,2.0,
5,1093,2.0,
5,202,2.0,
5,1747,2.0,
5,1966,2.0,
5,353,2.0,
5,357,2.0,
6,296,2.0,
8,2490,2.0,
8,2429,2.0,
8,393,2.0,
8,3173,2.0,
8,2600,2.0,
8,2320,2.0,
8,1810,2.0,
9,861,2.0,
9,1552,2.0,
9,3301,2.0,
9,3452,2.0,
9,3826,2.0,
9,3755,2.0,
9,2599,2.0,
9,3484,2.0,
10,3439,2.0,
10,223,2.0,
10,3525,2.0,
10,180,2.0,
10,1884,2.0,
10,3703,2.0,
10,3704,2.0,
10,3066,2.0,
10,932,2.0,
10,3153,2.0,
10,1639,2.0,
10,1201,2.0,
11,2706,2.0,
11,2639,2.0,
11,1887,2.0,
11,272,2.0,
11,784,2.0,
11,2907,2.0,
11,3499,2.0,
11,1042,2.0,
11,440,2.0,
11,2359,2.0,
11,454,2.0,
11,2431,2.0,
11,3174,2.0,
11,1665,2.0,
11,2396,2.0,
12,934,2.0,
13,1009,2.0,
13,3494,2.0,
13,2414,2.0,
13,368,2.0,
13,60,2.0,
13,457,2.0,
13,2005,2.0,
14,2826,2.0,
14,1968,2.0,
14,2959,2.0,
15,3354,2.0,
15,2997,2.0,
15,653,2.0,
15,3004,2.0,
15,1840,2.0,
15,231,2.0,
15,160,2.0,
15,3386,2.0,
15,1783,2.0,
15,3535,2.0,
15,2161,2.0,
15,1291,2.0,
15,1885,2.0,
15,2321,2.0,
15,780,2.0,
15,3566,2.0,
15,2278,2.0,
15,2427,2.0,
15,3301,2.0,
15,3160,2.0,
15,2506,2.0,
15,1639,2.0,
15,70,2.0,
15,3247,2.0,
15,1580,2.0,
15,1729,2.0,
15,2387,2.0,
15,3261,2.0,
15,2539,2.0,
15,3773,2.0,
16,2555,2.0,
16,2629,2.0,
16,2701,2.0,
16,2713,2.0,
16,3016,2.0,
16,2722,2.0,
16,2723,2.0,
16,266,2.0,
16,2392,2.0,
17,1779,2.0,
17,2667,2.0,
17,2668,2.0,
17,3484,2.0,
17,3638,2.0,
17,503,2.0,
17,1573,2.0,
17,2526,2.0,
17,2454,2.0,
18,3438,2.0,
18,2,2.0,
18,2718,2.0,
18,3527,2.0,
18,1377,2.0,
18,2402,2.0,
18,2404,2.0,
18,1606,2.0,
18,434,2.0,
18,377,2.0,
18,1064,2.0,
18,2014,2.0,
18,546,2.0,
18,3257,2.0,
18,2384,2.0,
18,2025,2.0,
18,2893,2.0,
18,552,2.0,
18,485,2.0,
19,1327,2.0,
19,2490,2.0,
19,2713,2.0,
19,2646,2.0,
19,2647,2.0,
19,741,2.0,
19,2160,2.0,
19,1431,2.0,
19,2094,2.0,
19,3471,2.0,
19,1371,2.0,
19,1373,2.0,
19,842,2.0,
19,3623,2.0,
19,2761,2.0,
19,2336,2.0,
19,2338,2.0,
19,1610,2.0,
19,368,2.0,
19,2782,2.0,
19,2367,2.0,
19,2004,2.0,
19,1717,2.0,
19,3176,2.0,
19,1214,2.0,
19,2888,2.0,
19,3325,2.0,
19,3409,2.0,
19,2103,2.0,
19,3928,2.0,
20,3717,2.0,
22,648,2.0,
22,2628,2.0,
22,216,2.0,
22,145,2.0,
22,2054,2.0,
22,587,2.0,
22,3438,2.0,
22,2134,2.0,
22,736,2.0,
22,592,2.0,
22,2572,2.0,
22,230,2.0,
22,1347,2.0,
22,1278,2.0,
22,312,2.0,
22,3388,2.0,
22,248,2.0,
22,2081,2.0,
22,3896,2.0,
22,1429,2.0,
22,3535,2.0,
22,1792,2.0,
22,256,2.0,
22,185,2.0,
22,3037,2.0,
22,833,2.0,
22,2671,2.0,
22,1441,2.0,
22,3624,2.0,
22,1953,2.0,
22,1883,2.0,
22,344,2.0,
22,1527,2.0,
22,1385,2.0,
22,1020,2.0,
22,2763,2.0,
22,39,2.0,
22,288,2.0,
22,799,2.0,
22,1479,2.0,
22,442,2.0,
22,1552,2.0,
22,2428,2.0,
22,1991,2.0,
22,454,2.0,
22,1566,2.0,
22,3247,2.0,
22,3176,2.0,
22,546,2.0,
22,473,2.0,
22,3255,2.0,
22,1580,2.0,
22,112,2.0,
22,3835,2.0,
22,480,2.0,
22,2396,2.0,
22,2100,2.0,
22,1091,2.0,
22,2470,2.0,
22,208,2.0,
22,2985,2.0,
23,1248,2.0,
23,3420,2.0,
23,1320,2.0,
23,659,2.0,
23,2,2.0,
23,1407,2.0,
23,661,2.0,
23,1269,2.0,
23,161,2.0,
23,162,2.0,
23,2140,2.0,
23,1343,2.0,
23,3525,2.0,
23,319,2.0,
23,3101,2.0,
23,327,2.0,
23,1009,2.0,
23,11,2.0,
23,2176,2.0,
23,1019,2.0,
23,3489,2.0,
23,348,2.0,
23,2253,2.0,
23,2259,2.0,
23,924,2.0,
23,3703,2.0,
23,3634,2.0,
23,1967,2.0,
23,2699,2.0,
23,2193,2.0,
23,435,2.0,
23,2411,2.0,
23,293,2.0,
23,47,2.0,
23,3147,2.0,
23,2419,2.0,
23,1617,2.0,
23,521,2.0,
23,3741,2.0,
23,2952,2.0,
23,3253,2.0,
23,2021,2.0,
23,3763,2.0,
23,1227,2.0,
23,2530,2.0,
23,556,2.0,
23,2390,2.0,
23,2105,2.0,
23,1674,2.0,
23,3920,2.0,
23,2117,2.0,
23,1171,2.0,
24,266,2.0,
24,1584,2.0,
25,3798,2.0,
25,2700,2.0,
25,1831,2.0,
25,588,2.0,
25,1920,2.0,
25,2804,2.0,
25,329,2.0,
25,1876,2.0,
25,1371,2.0,
25,788,2.0,
25,2393,2.0,
26,2628,2.0,
26,3287,2.0,
26,216,2.0,
26,1689,2.0,
26,3500,2.0,
26,2701,2.0,
26,3362,2.0,
26,585,2.0,
26,586,2.0,
26,3,2.0,
26,2134,2.0,
26,1409,2.0,
26,1196,2.0,
26,2716,2.0,
26,3448,2.0,
26,1777,2.0,
26,1347,2.0,
26,3450,2.0,
26,673,2.0,
26,317,2.0,
26,248,2.0,
26,1425,2.0,
26,3108,2.0,
26,830,2.0,
26,832,2.0,
26,1298,2.0,
26,1003,2.0,
26,261,2.0,
26,267,2.0,
26,2247,2.0,
26,1883,2.0,
26,413,2.0,
26,2759,2.0,
26,1381,2.0,
26,3703,2.0,
26,1388,2.0,
26,1021,2.0,
26,3638,2.0,
26,38,2.0,
26,2335,2.0,
26,1461,2.0,
26,1463,2.0,
26,1390,2.0,
26,1100,2.0,
26,1035,2.0,
26,432,2.0,
26,2412,2.0,
26,368,2.0,
26,2418,2.0,
26,441,2.0,
26,2423,2.0,
26,1556,2.0,
26,2794,2.0,
26,2795,2.0,
26,450,2.0,
26,1994,2.0,
26,455,2.0,
26,1703,2.0,
26,64,2.0,
26,2369,2.0,
26,1498,2.0,
26,2003,2.0,
26,1201,2.0,
26,1711,2.0,
26,539,2.0,
26,466,2.0,
26,3247,2.0,
26,3248,2.0,
26,104,2.0,
26,2012,2.0,
26,2953,2.0,
26,612,2.0,
26,1079,2.0,
26,3252,2.0,
26,3253,2.0,
26,1588,2.0,
26,1220,2.0,
26,3408,2.0,
26,487,2.0,
26,2392,2.0,
26,2539,2.0,
26,122,2.0,
26,1597,2.0,
26,1302,2.0,
26,994,2.0,
26,3846,2.0,
26,1097,2.0,
26,3418,2.0,
26,208,2.0,
26,135,2.0,
26,2111,2.0,
26,2042,2.0,
27,2987,2.0,
27,2138,2.0,
27,528,2.0,
27,2003,2.0,
27,2872,2.0,
27,2100,2.0,
28,1249,2.0,
28,144,2.0,
28,3101,2.0,
28,266,2.0,
28,47,2.0,
28,1617,2.0,
28,454,2.0,
28,2011,2.0,
28,2033,2.0,
29,2989,2.0,
29,2058,2.0,
29,3366,2.0,
29,163,2.0,
29,1356,2.0,
29,1370,2.0,
29,912,2.0,
29,1376,2.0,
29,21,2.0,
29,2948,2.0,
29,1210,2.0,
29,1215,2.0,
29,474,2.0,
29,3418,2.0,
29,1242,2.0,
30,162,2.0,
30,1288,2.0,
30,1545,2.0,
30,879,2.0,
30,3155,2.0,
30,2966,2.0,
30,3911,2.0,
31,3012,2.0,
31,3525,2.0,
31,3608,2.0,
31,921,2.0,
31,3640,2.0,
31,1485,2.0,
31,3189,2.0,
31,3349,2.0,
32,2707,2.0,
32,3159,2.0,
32,480,2.0,
33,1175,2.0,
33,1249,2.0,
33,3421,2.0,
33,1682,2.0,
33,3935,2.0,
33,1183,2.0,
33,653,2.0,
33,2064,2.0,
33,733,2.0,
33,590,2.0,
33,3516,2.0,
33,300,2.0,
33,3018,2.0,
33,1345,2.0,
33,2728,2.0,
33,316,2.0,
33,2739,2.0,
33,3396,2.0,
33,3100,2.0,
33,2303,2.0,
33,902,2.0,
33,1295,2.0,
33,907,2.0,
33,1296,2.0,
33,2817,2.0,
33,2746,2.0,
33,1873,2.0,
33,910,2.0,
33,1380,2.0,
33,923,2.0,
33,927,2.0,
33,3494,2.0,
33,32,2.0,
33,34,2.0,
33,1393,2.0,
33,2912,2.0,
33,866,2.0,
33,1104,2.0,
33,2779,2.0,
33,509,2.0,
33,2272,2.0,
33,1625,2.0,
33,2932,2.0,
33,2867,2.0,
33,3098,2.0,
33,538,2.0,
33,3683,2.0,
33,1653,2.0,
33,110,2.0,
33,3699,2.0,
33,1088,2.0,
33,1663,2.0,
33,2396,2.0,
33,3911,2.0,
33,1302,2.0,
33,569,2.0,
33,1678,2.0,
33,1245,2.0,
34,2072,2.0,
34,3387,2.0,
34,3388,2.0,
34,1350,2.0,
34,2160,2.0,
34,3597,2.0,
34,455,2.0,
34,2369,2.0,
34,3264,2.0,
34,2469,2.0,
34,2471,2.0,
35,1183,2.0,
35,7,2.0,
35,2065,2.0,
35,592,2.0,
35,595,2.0,
35,2078,2.0,
35,2081,2.0,
35,1955,2.0,
35,863,2.0,
35,948,2.0,
35,2420,2.0,
35,2942,2.0,
35,3176,2.0,
35,2966,2.0,
1,661,3.0,
1,914,3.0,
1,1197,3.0,
1,2687,3.0,
1,2321,3.0,
1,720,3.0,
1,2340,3.0,
1,745,3.0,
2,647,3.0,
2,2628,3.0,
2,1103,3.0,
2,2916,3.0,
2,1792,3.0,
2,1687,3.0,
2,2881,3.0,
2,1217,3.0,
2,2126,3.0,
2,3108,3.0,
2,1253,3.0,
2,292,3.0,
2,3257,3.0,
2,2278,3.0,
2,2490,3.0,
2,1690,3.0,
2,3654,3.0,
2,2852,3.0,
2,442,3.0,
2,2312,3.0,
2,1408,3.0,
2,1084,3.0,
2,1265,3.0,
2,1801,3.0,
2,1372,3.0,
2,1552,3.0,
2,2359,3.0,
2,2717,3.0,
2,1917,3.0,
2,3735,3.0,
2,1597,3.0,
2,3809,3.0,
2,235,3.0,
2,165,3.0,
2,2321,3.0,
2,459,3.0,
2,1385,3.0,
2,780,3.0,
2,498,3.0,
2,2728,3.0,
2,2006,3.0,
2,3678,3.0,
2,1244,3.0,
3,648,3.0,
3,3534,3.0,
3,1431,3.0,
3,3868,3.0,
3,2997,3.0,
3,1580,3.0,
3,3114,3.0,
3,593,3.0,
3,1270,3.0,
4,1210,3.0,
5,39,3.0,
5,1466,3.0,
5,1683,3.0,
5,1684,3.0,
5,215,3.0,
5,3799,3.0,
5,47,3.0,
5,581,3.0,
5,1617,3.0,
5,299,3.0,
5,1909,3.0,
5,224,3.0,
5,229,3.0,
5,3006,3.0,
5,3081,3.0,
5,2353,3.0,
5,2428,3.0,
5,2282,3.0,
5,1554,3.0,
5,1912,3.0,
5,2359,3.0,
5,2716,3.0,
5,1485,3.0,
5,1704,3.0,
5,2721,3.0,
5,1923,3.0,
5,968,3.0,
5,1788,3.0,
5,318,3.0,
5,461,3.0,
5,1429,3.0,
5,1643,3.0,
5,1719,3.0,
5,321,3.0,
5,2013,3.0,
5,1794,3.0,
5,1500,3.0,
5,1509,3.0,
5,1650,3.0,
5,2384,3.0,
5,3476,3.0,
5,16,3.0,
5,265,3.0,
5,194,3.0,
5,3046,3.0,
5,3408,3.0,
5,3409,3.0,
5,1733,3.0,
5,3624,3.0,
5,2683,3.0,
5,2759,3.0,
5,1884,3.0,
5,272,3.0,
5,1527,3.0,
5,3418,3.0,
5,497,3.0,
5,2762,3.0,
5,3499,3.0,
5,1243,3.0,
5,3786,3.0,
5,36,3.0,
6,3508,3.0,
6,377,3.0,
6,590,3.0,
6,2506,3.0,
6,3524,3.0,
6,2082,3.0,
6,3600,3.0,
6,1210,3.0,
6,3682,3.0,
6,2017,3.0,
6,3685,3.0,
6,3610,3.0,
6,1296,3.0,
6,1007,3.0,
6,1806,3.0,
6,2469,3.0,
6,2100,3.0,
6,1959,3.0,
6,2321,3.0,
7,3578,3.0,
7,3793,3.0,
7,377,3.0,
7,3107,3.0,
7,3418,3.0,
8,39,3.0,
8,2336,3.0,
8,3425,3.0,
8,2268,3.0,
8,506,3.0,
8,508,3.0,
8,3213,3.0,
8,42,3.0,
8,3500,3.0,
8,3148,3.0,
8,2702,3.0,
8,2278,3.0,
8,1476,3.0,
8,1693,3.0,
8,510,3.0,
8,4,3.0,
8,3006,3.0,
8,1621,3.0,
8,733,3.0,
8,3155,3.0,
8,2712,3.0,
8,1488,3.0,
8,161,3.0,
8,1059,3.0,
8,454,3.0,
8,1277,3.0,
8,2297,3.0,
8,3386,3.0,
8,2006,3.0,
8,1711,3.0,
8,538,3.0,
8,3250,3.0,
8,3252,3.0,
8,476,3.0,
8,3257,3.0,
8,2023,3.0,
8,2314,3.0,
8,1801,3.0,
8,3260,3.0,
8,1660,3.0,
8,2688,3.0,
8,345,3.0,
8,2324,3.0,
8,2541,3.0,
8,3418,3.0,
8,2908,3.0,
8,282,3.0,
9,1393,3.0,
9,3717,3.0,
9,508,3.0,
9,367,3.0,
9,3148,3.0,
9,150,3.0,
9,3006,3.0,
9,3948,3.0,
9,805,3.0,
9,3510,3.0,
9,377,3.0,
9,3513,3.0,
9,1912,3.0,
9,597,3.0,
9,1343,3.0,
9,3160,3.0,
9,1784,3.0,
9,1356,3.0,
9,3178,3.0,
9,838,3.0,
9,1446,3.0,
9,1669,3.0,
9,412,3.0,
9,3916,3.0,
9,1233,3.0,
9,920,3.0,
9,3270,3.0,
9,1310,3.0,
9,428,3.0,
10,2628,3.0,
10,3359,3.0,
10,1320,3.0,
10,2124,3.0,
10,1250,3.0,
10,1252,3.0,
10,3868,3.0,
10,1254,3.0,
10,3869,3.0,
10,1256,3.0,
10,1259,3.0,
10,586,3.0,
10,3438,3.0,
10,153,3.0,
10,2138,3.0,
10,2067,3.0,
10,1918,3.0,
10,1345,3.0,
10,2077,3.0,
10,1276,3.0,
10,743,3.0,
10,671,3.0,
10,1927,3.0,
10,3388,3.0,
10,2082,3.0,
10,1283,3.0,
10,1287,3.0,
10,3608,3.0,
10,3100,3.0,
10,3035,3.0,
10,186,3.0,
10,2091,3.0,
10,333,3.0,
10,1513,3.0,
10,1517,3.0,
10,912,3.0,
10,913,3.0,
10,1377,3.0,
10,1012,3.0,
10,3629,3.0,
10,1015,3.0,
10,1954,3.0,
10,24,3.0,
10,277,3.0,
10,923,3.0,
10,924,3.0,
10,3701,3.0,
10,3702,3.0,
10,1387,3.0,
10,1020,3.0,
10,784,3.0,
10,858,3.0,
10,1394,3.0,
10,1030,3.0,
10,1617,3.0,
10,2858,3.0,
10,370,3.0,
10,2795,3.0,
10,3309,3.0,
10,1566,3.0,
10,3099,3.0,
10,1203,3.0,
10,2006,3.0,
10,969,3.0,
10,2946,3.0,
10,104,3.0,
10,2378,3.0,
10,3688,3.0,
10,2959,3.0,
10,3252,3.0,
10,1721,3.0,
10,3254,3.0,
10,116,3.0,
10,1221,3.0,
10,551,3.0,
10,2530,3.0,
10,3264,3.0,
10,3198,3.0,
10,1304,3.0,
10,2033,3.0,
10,1091,3.0,
10,2041,3.0,
10,2045,3.0,
10,1247,3.0,
11,1259,3.0,
11,587,3.0,
11,1265,3.0,
11,2710,3.0,
11,590,3.0,
11,597,3.0,
11,231,3.0,
11,1278,3.0,
11,249,3.0,
11,3107,3.0,
11,1441,3.0,
11,342,3.0,
11,2321,3.0,
11,2325,3.0,
11,36,3.0,
11,2335,3.0,
11,47,3.0,
11,3146,3.0,
11,441,3.0,
11,515,3.0,
11,1498,3.0,
11,531,3.0,
11,3176,3.0,
11,3755,3.0,
11,2883,3.0,
11,3255,3.0,
11,110,3.0,
11,551,3.0,
11,2106,3.0,
11,1307,3.0,
11,1673,3.0,
11,1747,3.0,
12,1252,3.0,
12,3362,3.0,
12,813,3.0,
12,1641,3.0,
12,1233,3.0,
12,3785,3.0,
12,1247,3.0,
13,2987,3.0,
13,648,3.0,
13,2628,3.0,
13,2054,3.0,
13,1690,3.0,
13,2,3.0,
13,153,3.0,
13,2135,3.0,
13,2640,3.0,
13,592,3.0,
13,2641,3.0,
13,165,3.0,
13,316,3.0,
13,1429,3.0,
13,3036,3.0,
13,2094,3.0,
13,10,3.0,
13,1370,3.0,
13,1446,3.0,
13,1375,3.0,
13,1376,3.0,
13,1377,3.0,
13,2822,3.0,
13,21,3.0,
13,349,3.0,
13,1967,3.0,
13,1393,3.0,
13,2916,3.0,
13,434,3.0,
13,1610,3.0,
13,1479,3.0,
13,1049,3.0,
13,517,3.0,
13,952,3.0,
13,1129,3.0,
13,380,3.0,
13,459,3.0,
13,2002,3.0,
13,3745,3.0,
13,2006,3.0,
13,2871,3.0,
13,3175,3.0,
13,1216,3.0,
13,1073,3.0,
13,1722,3.0,
13,3256,3.0,
13,2528,3.0,
13,1587,3.0,
13,2968,3.0,
13,3699,3.0,
13,552,3.0,
13,3269,3.0,
13,2105,3.0,
13,1233,3.0,
13,3417,3.0,
13,3418,3.0,
13,2616,3.0,
13,2470,3.0,
13,2617,3.0,
13,2115,3.0,
14,3354,3.0,
14,2243,3.0,
14,3623,3.0,
14,2858,3.0,
14,2976,3.0,
15,2485,3.0,
15,2126,3.0,
15,2058,3.0,
15,587,3.0,
15,2496,3.0,
15,3948,3.0,
15,1265,3.0,
15,733,3.0,
15,2712,3.0,
15,2640,3.0,
15,2719,3.0,
15,1777,3.0,
15,1411,3.0,
15,1343,3.0,
15,1271,3.0,
15,748,3.0,
15,2724,3.0,
15,2581,3.0,
15,1784,3.0,
15,3534,3.0,
15,2598,3.0,
15,2302,3.0,
15,1500,3.0,
15,3105,3.0,
15,257,3.0,
15,762,3.0,
15,2676,3.0,
15,3623,3.0,
15,1883,3.0,
15,2688,3.0,
15,2188,3.0,
15,2908,3.0,
15,2763,3.0,
15,788,3.0,
15,2764,3.0,
15,32,3.0,
15,1608,3.0,
15,3717,3.0,
15,3646,3.0,
15,434,3.0,
15,3145,3.0,
15,368,3.0,
15,1615,3.0,
15,296,3.0,
15,2272,3.0,
15,2273,3.0,
15,1617,3.0,
15,442,3.0,
15,517,3.0,
15,2424,3.0,
15,3081,3.0,
15,1485,3.0,
15,380,3.0,
15,1702,3.0,
15,2002,3.0,
15,1644,3.0,
15,1645,3.0,
15,3755,3.0,
15,2881,3.0,
15,2882,3.0,
15,2959,3.0,
15,1586,3.0,
15,2961,3.0,
15,2605,3.0,
15,1732,3.0,
15,2391,3.0,
15,3418,3.0,
15,1673,3.0,
16,2987,3.0,
16,2485,3.0,
16,3004,3.0,
16,1911,3.0,
16,3516,3.0,
16,2643,3.0,
16,2805,3.0,
16,2770,3.0,
16,2888,3.0,
17,2554,3.0,
17,3932,3.0,
17,3863,3.0,
17,2058,3.0,
17,3457,3.0,
17,1428,3.0,
17,2663,3.0,
17,2599,3.0,
17,3032,3.0,
17,329,3.0,
17,3108,3.0,
17,1370,3.0,
17,340,3.0,
17,24,3.0,
17,3702,3.0,
17,2908,3.0,
17,1601,3.0,
17,1396,3.0,
17,2346,3.0,
17,1624,3.0,
17,3662,3.0,
17,3594,3.0,
17,3744,3.0,
17,2009,3.0,
17,3755,3.0,
17,2528,3.0,
17,3696,3.0,
17,2600,3.0,
17,3334,3.0,
17,2533,3.0,
17,3269,3.0,
17,1097,3.0,
17,2613,3.0,
17,496,3.0,
17,2549,3.0,
18,2123,3.0,
18,2052,3.0,
18,2054,3.0,
18,653,3.0,
18,2701,3.0,
18,222,3.0,
18,153,3.0,
18,2133,3.0,
18,1918,3.0,
18,2142,3.0,
18,2145,3.0,
18,1344,3.0,
18,2076,3.0,
18,3526,3.0,
18,2153,3.0,
18,3461,3.0,
18,2735,3.0,
18,327,3.0,
18,2093,3.0,
18,1876,3.0,
18,266,3.0,
18,1379,3.0,
18,1013,3.0,
18,1954,3.0,
18,29,3.0,
18,780,3.0,
18,3705,3.0,
18,783,3.0,
18,2763,3.0,
18,1391,3.0,
18,2916,3.0,
18,1036,3.0,
18,368,3.0,
18,1544,3.0,
18,2348,3.0,
18,2278,3.0,
18,3668,3.0,
18,380,3.0,
18,454,3.0,
18,2001,3.0,
18,2006,3.0,
18,466,3.0,
18,2373,3.0,
18,3753,3.0,
18,86,3.0,
18,3698,3.0,
18,1804,3.0,
18,1732,3.0,
18,493,3.0,
18,2470,3.0,
18,1676,3.0,
19,3421,3.0,
19,648,3.0,
19,2628,3.0,
19,1753,3.0,
19,3930,3.0,
19,2990,3.0,
19,2633,3.0,
19,2568,3.0,
19,1334,3.0,
19,2137,3.0,
19,2064,3.0,
19,1262,3.0,
19,2710,3.0,
19,2640,3.0,
19,1911,3.0,
19,594,3.0,
19,595,3.0,
19,2719,3.0,
19,2574,3.0,
19,1340,3.0,
19,1345,3.0,
19,3889,3.0,
19,2081,3.0,
19,1282,3.0,
19,2089,3.0,
19,2662,3.0,
19,1792,3.0,
19,2096,3.0,
19,260,3.0,
19,198,3.0,
19,1375,3.0,
19,1376,3.0,
19,3552,3.0,
19,1527,3.0,
19,3701,3.0,
19,1022,3.0,
19,1025,3.0,
19,34,3.0,
19,3208,3.0,
19,1608,3.0,
19,2195,3.0,
19,2770,3.0,
19,1974,3.0,
19,3213,3.0,
19,364,3.0,
19,2414,3.0,
19,2789,3.0,
19,2353,3.0,
19,1552,3.0,
19,2790,3.0,
19,1127,3.0,
19,527,3.0,
19,457,3.0,
19,2296,3.0,
19,1200,3.0,
19,3175,3.0,
19,1644,3.0,
19,2527,3.0,
19,2455,3.0,
19,2529,3.0,
19,1584,3.0,
19,2021,3.0,
19,1080,3.0,
19,2393,3.0,
19,1597,3.0,
19,1301,3.0,
19,1090,3.0,
19,1097,3.0,
19,3273,3.0,
19,2115,3.0,
19,1240,3.0,
20,3863,3.0,
20,1694,3.0,
20,1375,3.0,
20,1468,3.0,
21,2987,3.0,
21,2701,3.0,
21,585,3.0,
21,588,3.0,
21,1,3.0,
21,1274,3.0,
21,2761,3.0,
21,2355,3.0,
21,2294,3.0,
21,3268,3.0,
22,3358,3.0,
22,1754,3.0,
22,1687,3.0,
22,1689,3.0,
22,2122,3.0,
22,2124,3.0,
22,586,3.0,
22,2490,3.0,
22,2133,3.0,
22,1405,3.0,
22,1408,3.0,
22,663,3.0,
22,1197,3.0,
22,2717,3.0,
22,2571,3.0,
22,231,3.0,
22,161,3.0,
22,163,3.0,
22,165,3.0,
22,3016,3.0,
22,3017,3.0,
22,3450,3.0,
22,1923,3.0,
22,316,3.0,
22,3020,3.0,
22,173,3.0,
22,2150,3.0,
22,1425,3.0,
22,2302,3.0,
22,257,3.0,
22,3107,3.0,
22,2163,3.0,
22,3039,3.0,
22,330,3.0,
22,10,3.0,
22,333,3.0,
22,1370,3.0,
22,919,3.0,
22,3552,3.0,
22,849,3.0,
22,2826,3.0,
22,3120,3.0,
22,2320,3.0,
22,2321,3.0,
22,780,3.0,
22,3208,3.0,
22,2406,3.0,
22,1606,3.0,
22,2263,3.0,
22,500,3.0,
22,1974,3.0,
22,3210,3.0,
22,434,3.0,
22,292,3.0,
22,2413,3.0,
22,2416,3.0,
22,296,3.0,
22,1476,3.0,
22,370,3.0,
22,2423,3.0,
22,1625,3.0,
22,2792,3.0,
22,2794,3.0,
22,2797,3.0,
22,2502,3.0,
22,457,3.0,
22,65,3.0,
22,2003,3.0,
22,2004,3.0,
22,3243,3.0,
22,466,3.0,
22,2371,3.0,
22,2374,3.0,
22,2376,3.0,
22,104,3.0,
22,2012,3.0,
22,1210,3.0,
22,3753,3.0,
22,1073,3.0,
22,542,3.0,
22,474,3.0,
22,2450,3.0,
22,3254,3.0,
22,1653,3.0,
22,3258,3.0,
22,3267,3.0,
22,1597,3.0,
22,2108,3.0,
22,708,3.0,
22,1097,3.0,
22,2617,3.0,
22,2478,3.0,
22,1246,3.0,
23,1179,3.0,
23,2553,3.0,
23,2554,3.0,
23,3358,3.0,
23,1252,3.0,
23,3503,3.0,
23,1188,3.0,
23,1189,3.0,
23,3507,3.0,
23,1909,3.0,
23,2202,3.0,
23,6,3.0,
23,1199,3.0,
23,592,3.0,
23,2641,3.0,
23,595,3.0,
23,2571,3.0,
23,1845,3.0,
23,235,3.0,
23,2149,3.0,
23,1274,3.0,
23,671,3.0,
23,745,3.0,
23,2722,3.0,
23,748,3.0,
23,1784,3.0,
23,316,3.0,
23,317,3.0,
23,2808,3.0,
23,3396,3.0,
23,329,3.0,
23,187,3.0,
23,903,3.0,
23,904,3.0,
23,908,3.0,
23,3618,3.0,
23,3474,3.0,
23,3479,3.0,
23,2241,3.0,
23,3044,3.0,
23,1372,3.0,
23,1375,3.0,
23,915,3.0,
23,3624,3.0,
23,3551,3.0,
23,3556,3.0,
23,1885,3.0,
23,2322,3.0,
23,29,3.0,
23,3701,3.0,
23,1388,3.0,
23,3708,3.0,
23,2761,3.0,
23,788,3.0,
23,34,3.0,
23,2407,3.0,
23,2409,3.0,
23,2268,3.0,
23,2912,3.0,
23,431,3.0,
23,2410,3.0,
23,1610,3.0,
23,3070,3.0,
23,367,3.0,
23,1544,3.0,
23,2278,3.0,
23,442,3.0,
23,2355,3.0,
23,951,3.0,
23,2288,3.0,
23,3300,3.0,
23,1997,3.0,
23,2502,3.0,
23,60,3.0,
23,457,3.0,
23,1200,3.0,
23,2871,3.0,
23,2872,3.0,
23,1206,3.0,
23,2511,3.0,
23,76,3.0,
23,3175,3.0,
23,1645,3.0,
23,3751,3.0,
23,1212,3.0,
23,1213,3.0,
23,1214,3.0,
23,1219,3.0,
23,1148,3.0,
23,3256,3.0,
23,1653,3.0,
23,2529,3.0,
23,111,3.0,
23,2384,3.0,
23,1729,3.0,
23,1584,3.0,
23,555,3.0,
23,2533,3.0,
23,1805,3.0,
23,3338,3.0,
23,2391,3.0,
23,2393,3.0,
23,2396,3.0,
23,125,3.0,
23,2973,3.0,
23,1090,3.0,
23,1747,3.0,
23,1676,3.0,
23,1313,3.0,
23,2118,3.0,
23,1243,3.0,
23,2119,3.0,
24,648,3.0,
24,2628,3.0,
24,802,3.0,
24,2723,3.0,
24,1784,3.0,
24,1788,3.0,
24,3608,3.0,
24,2734,3.0,
24,329,3.0,
24,2174,3.0,
24,1027,3.0,
24,1965,3.0,
24,500,3.0,
24,2424,3.0,
24,380,3.0,
24,3160,3.0,
24,2001,3.0,
24,539,3.0,
24,1721,3.0,
24,2023,3.0,
25,1909,3.0,
25,157,3.0,
25,737,3.0,
25,2571,3.0,
25,2574,3.0,
25,2094,3.0,
25,2173,3.0,
25,1373,3.0,
25,1375,3.0,
25,2683,3.0,
25,1387,3.0,
25,2693,3.0,
25,1391,3.0,
25,435,3.0,
25,1544,3.0,
25,2355,3.0,
25,3175,3.0,
25,3751,3.0,
25,473,3.0,
25,110,3.0,
26,3421,3.0,
26,3422,3.0,
26,3423,3.0,
26,719,3.0,
26,2622,3.0,
26,648,3.0,
26,3426,3.0,
26,2558,3.0,
26,217,3.0,
26,2054,3.0,
26,724,3.0,
26,3501,3.0,
26,1186,3.0,
26,2706,3.0,
26,587,3.0,
26,588,3.0,
26,589,3.0,
26,1,3.0,
26,4,3.0,
26,2137,3.0,
26,736,3.0,
26,2712,3.0,
26,1198,3.0,
26,592,3.0,
26,593,3.0,
26,595,3.0,
26,303,3.0,
26,160,3.0,
26,234,3.0,
26,1779,3.0,
26,236,3.0,
26,237,3.0,
26,2144,3.0,
26,2145,3.0,
26,1270,3.0,
26,1271,3.0,
26,3525,3.0,
26,2724,3.0,
26,1923,3.0,
26,3528,3.0,
26,315,3.0,
26,1422,3.0,
26,2154,3.0,
26,2082,3.0,
26,1285,3.0,
26,2805,3.0,
26,3100,3.0,
26,2302,3.0,
26,185,3.0,
26,3039,3.0,
26,1291,3.0,
26,762,3.0,
26,765,3.0,
26,694,3.0,
26,1947,3.0,
26,260,3.0,
26,11,3.0,
26,3040,3.0,
26,3114,3.0,
26,2313,3.0,
26,339,3.0,
26,195,3.0,
26,2245,3.0,
26,1370,3.0,
26,2248,3.0,
26,2822,3.0,
26,3552,3.0,
26,1013,3.0,
26,1015,3.0,
26,1880,3.0,
26,1954,3.0,
26,1955,3.0,
26,1957,3.0,
26,3489,3.0,
26,1958,3.0,
26,416,3.0,
26,1888,3.0,
26,276,3.0,
26,278,3.0,
26,3056,3.0,
26,2259,3.0,
26,780,3.0,
26,1387,3.0,
26,3705,3.0,
26,1020,3.0,
26,350,3.0,
26,424,3.0,
26,3130,3.0,
26,2403,3.0,
26,2404,3.0,
26,2406,3.0,
26,3063,3.0,
26,2407,3.0,
26,2261,3.0,
26,39,3.0,
26,2266,3.0,
26,2269,3.0,
26,2918,3.0,
26,500,3.0,
26,3210,3.0,
26,2779,3.0,
26,435,3.0,
26,364,3.0,
26,1541,3.0,
26,3219,3.0,
26,48,3.0,
26,1544,3.0,
26,440,3.0,
26,517,3.0,
26,2420,3.0,
26,2424,3.0,
26,1625,3.0,
26,2355,3.0,
26,2429,3.0,
26,3809,3.0,
26,3590,3.0,
26,3591,3.0,
26,2797,3.0,
26,380,3.0,
26,1997,3.0,
26,381,3.0,
26,1569,3.0,
26,2942,3.0,
26,2875,3.0,
26,609,3.0,
26,463,3.0,
26,1713,3.0,
26,467,3.0,
26,1644,3.0,
26,3249,3.0,
26,1645,3.0,
26,2375,3.0,
26,2950,3.0,
26,2014,3.0,
26,2881,3.0,
26,3684,3.0,
26,1073,3.0,
26,540,3.0,
26,3688,3.0,
26,3689,3.0,
26,542,3.0,
26,472,3.0,
26,1721,3.0,
26,1722,3.0,
26,3255,3.0,
26,3259,3.0,
26,1584,3.0,
26,2387,3.0,
26,3835,3.0,
26,3690,3.0,
26,2890,3.0,
26,550,3.0,
26,3331,3.0,
26,1088,3.0,
26,1801,3.0,
26,628,3.0,
26,2463,3.0,
26,94,3.0,
26,1663,3.0,
26,3269,3.0,
26,1593,3.0,
26,125,3.0,
26,2100,3.0,
26,2106,3.0,
26,2109,3.0,
26,1090,3.0,
26,1092,3.0,
26,708,3.0,
26,491,3.0,
26,1810,3.0,
26,2470,3.0,
26,3274,3.0,
26,2473,3.0,
26,1246,3.0,
26,1247,3.0,
27,1188,3.0,
27,1265,3.0,
27,3072,3.0,
27,1997,3.0,
27,1722,3.0,
27,1225,3.0,
27,2973,3.0,
28,648,3.0,
28,650,3.0,
28,3000,3.0,
28,1,3.0,
28,1266,3.0,
28,1193,3.0,
28,593,3.0,
28,2571,3.0,
28,1916,3.0,
28,1923,3.0,
28,2080,3.0,
28,901,3.0,
28,3471,3.0,
28,2174,3.0,
28,25,3.0,
28,32,3.0,
28,357,3.0,
28,3210,3.0,
28,2797,3.0,
28,1208,3.0,
28,899,3.0,
28,2881,3.0,
28,480,3.0,
28,3260,3.0,
28,1302,3.0,
28,1097,3.0,
28,1748,3.0,
28,1240,3.0,
29,2550,3.0,
29,1252,3.0,
29,3370,3.0,
29,2571,3.0,
29,1785,3.0,
29,2660,3.0,
29,3468,3.0,
29,3104,3.0,
29,1291,3.0,
29,1374,3.0,
29,1953,3.0,
29,349,3.0,
29,1527,3.0,
29,3635,3.0,
29,2762,3.0,
29,2193,3.0,
29,1101,3.0,
29,1610,3.0,
29,3654,3.0,
29,377,3.0,
29,1127,3.0,
29,1129,3.0,
29,457,3.0,
29,2363,3.0,
29,2000,3.0,
29,1200,3.0,
29,969,3.0,
29,2872,3.0,
29,2947,3.0,
29,1135,3.0,
29,2951,3.0,
29,541,3.0,
29,3256,3.0,
29,1580,3.0,
29,1221,3.0,
29,3769,3.0,
29,2534,3.0,
29,3197,3.0,
29,494,3.0,
29,2617,3.0,
30,720,3.0,
30,150,3.0,
30,3006,3.0,
30,1922,3.0,
30,1784,3.0,
30,3105,3.0,
30,2692,3.0,
30,3072,3.0,
30,296,3.0,
30,608,3.0,
30,2442,3.0,
30,1213,3.0,
30,1657,3.0,
30,3260,3.0,
31,587,3.0,
31,3948,3.0,
31,2064,3.0,
31,2065,3.0,
31,3448,3.0,
31,1777,3.0,
31,2144,3.0,
31,1276,3.0,
31,3450,3.0,
31,3451,3.0,
31,1281,3.0,
31,3104,3.0,
31,901,3.0,
31,11,3.0,
31,3040,3.0,
31,1958,3.0,
31,21,3.0,
31,3200,3.0,
31,1466,3.0,
31,934,3.0,
31,2915,3.0,
31,3210,3.0,
31,368,3.0,
31,946,3.0,
31,2922,3.0,
31,3591,3.0,
31,2936,3.0,
31,2792,3.0,
31,3740,3.0,
31,2870,3.0,
31,2874,3.0,
31,2948,3.0,
31,1136,3.0,
31,3244,3.0,
31,3685,3.0,
31,1077,3.0,
31,3836,3.0,
31,1230,3.0,
31,1235,3.0,
31,2111,3.0,
32,1249,3.0,
32,3429,3.0,
32,1683,3.0,
32,1834,3.0,
32,2571,3.0,
32,1343,3.0,
32,1784,3.0,
32,1956,3.0,
32,28,3.0,
32,2916,3.0,
32,1617,3.0,
32,50,3.0,
32,457,3.0,
32,2028,3.0,
32,551,3.0,
33,2553,3.0,
33,1680,3.0,
33,3359,3.0,
33,1321,3.0,
33,2124,3.0,
33,1250,3.0,
33,1252,3.0,
33,3868,3.0,
33,2997,3.0,
33,3504,3.0,
33,2637,3.0,
33,2638,3.0,
33,154,3.0,
33,2132,3.0,
33,1265,3.0,
33,1267,3.0,
33,594,3.0,
33,595,3.0,
33,2571,3.0,
33,230,3.0,
33,3016,3.0,
33,2076,3.0,
33,1348,3.0,
33,1278,3.0,
33,3451,3.0,
33,3526,3.0,
33,1785,3.0,
33,319,3.0,
33,1350,3.0,
33,2080,3.0,
33,1283,3.0,
33,1287,3.0,
33,3461,3.0,
33,2660,3.0,
33,3032,3.0,
33,1367,3.0,
33,1294,3.0,
33,1299,3.0,
33,3476,3.0,
33,2747,3.0,
33,2674,3.0,
33,1945,3.0,
33,1946,3.0,
33,1947,3.0,
33,3111,3.0,
33,337,3.0,
33,16,3.0,
33,3044,3.0,
33,2174,3.0,
33,912,3.0,
33,2176,3.0,
33,916,3.0,
33,3551,3.0,
33,1012,3.0,
33,1954,3.0,
33,1017,3.0,
33,1958,3.0,
33,3121,3.0,
33,2186,3.0,
33,926,3.0,
33,2908,3.0,
33,1892,3.0,
33,3203,3.0,
33,3062,3.0,
33,2406,3.0,
33,2193,3.0,
33,1464,3.0,
33,932,3.0,
33,1394,3.0,
33,2915,3.0,
33,2918,3.0,
33,3576,3.0,
33,364,3.0,
33,293,3.0,
33,2344,3.0,
33,1615,3.0,
33,296,3.0,
33,2346,3.0,
33,2278,3.0,
33,2921,3.0,
33,2922,3.0,
33,3727,3.0,
33,2926,3.0,
33,3587,3.0,
33,50,3.0,
33,3152,3.0,
33,2423,3.0,
33,952,3.0,
33,3733,3.0,
33,3599,3.0,
33,2797,3.0,
33,527,3.0,
33,2433,3.0,
33,3167,3.0,
33,3168,3.0,
33,2366,3.0,
33,3169,3.0,
33,3671,3.0,
33,3676,3.0,
33,1717,3.0,
33,971,3.0,
33,2951,3.0,
33,3681,3.0,
33,3685,3.0,
33,2959,3.0,
33,3250,3.0,
33,3253,3.0,
33,3186,3.0,
33,2459,3.0,
33,3760,3.0,
33,1152,3.0,
33,1080,3.0,
33,1227,3.0,
33,1085,3.0,
33,3334,3.0,
33,2398,3.0,
33,1230,3.0,
33,1304,3.0,
33,1231,3.0,
33,1235,3.0,
33,1090,3.0,
33,565,3.0,
33,2117,3.0,
33,1247,3.0,
34,3358,3.0,
34,2558,3.0,
34,2054,3.0,
34,7,3.0,
34,2134,3.0,
34,163,3.0,
34,3526,3.0,
34,3608,3.0,
34,2735,3.0,
34,837,3.0,
34,2747,3.0,
34,3623,3.0,
34,3481,3.0,
34,1888,3.0,
34,1895,3.0,
34,3712,3.0,
34,1541,3.0,
34,3219,3.0,
34,2423,3.0,
34,380,3.0,
34,529,3.0,
34,1569,3.0,
34,1717,3.0,
34,1645,3.0,
34,2378,3.0,
34,2379,3.0,
34,2011,3.0,
34,3253,3.0,
34,2380,3.0,
34,3259,3.0,
34,3269,3.0,
34,2100,3.0,
34,1597,3.0,
34,3785,3.0,
35,3501,3.0,
35,3508,3.0,
35,155,3.0,
35,803,3.0,
35,1272,3.0,
35,1276,3.0,
35,2724,3.0,
35,318,3.0,
35,2080,3.0,
35,3473,3.0,
35,2671,3.0,
35,2313,3.0,
35,1370,3.0,
35,914,3.0,
35,1957,3.0,
35,2186,3.0,
35,2762,3.0,
35,3567,3.0,
35,1029,3.0,
35,2331,3.0,
35,357,3.0,
35,3061,3.0,
35,36,3.0,
35,2336,3.0,
35,3068,3.0,
35,1393,3.0,
35,938,3.0,
35,2919,3.0,
35,3649,3.0,
35,1035,3.0,
35,3074,3.0,
35,2921,3.0,
35,2922,3.0,
35,2424,3.0,
35,2352,3.0,
35,58,3.0,
35,3099,3.0,
35,1569,3.0,
35,3675,3.0,
35,2947,3.0,
35,1643,3.0,
35,3320,3.0,
35,1078,3.0,
35,3189,3.0,
35,3831,3.0,
35,2020,3.0,
35,1081,3.0,
35,3408,3.0,
35,1732,3.0,
1,3408,4.0,
1,594,4.0,
1,919,4.0,
1,938,4.0,
1,2398,4.0,
1,2918,4.0,
1,2791,4.0,
1,2018,4.0,
1,2797,4.0,
1,1097,4.0,
1,1721,4.0,
1,1545,4.0,
1,2294,4.0,
1,3186,4.0,
1,1566,4.0,
1,588,4.0,
1,1907,4.0,
1,783,4.0,
1,2762,4.0,
1,1962,4.0,
1,2692,4.0,
1,260,4.0,
1,1207,4.0,
1,531,4.0,
1,3114,4.0,
1,608,4.0,
1,1246,4.0,
2,3068,4.0,
2,1537,4.0,
2,2194,4.0,
2,648,4.0,
2,1210,4.0,
2,3030,4.0,
2,3105,4.0,
2,3035,4.0,
2,3071,4.0,
2,368,4.0,
2,1544,4.0,
2,1188,4.0,
2,3255,4.0,
2,1834,4.0,
2,589,4.0,
2,982,4.0,
2,1873,4.0,
2,2858,4.0,
2,2028,4.0,
2,265,4.0,
2,1442,4.0,
2,2353,4.0,
2,3334,4.0,
2,736,4.0,
2,1198,4.0,
2,2571,4.0,
2,2396,4.0,
2,1953,4.0,
2,1955,4.0,
2,163,4.0,
2,349,4.0,
2,457,4.0,
2,1096,4.0,
2,1527,4.0,
2,3418,4.0,
2,3451,4.0,
2,3095,4.0,
2,2943,4.0,
2,1207,4.0,
3,3421,4.0,
3,1394,4.0,
3,104,4.0,
3,2735,4.0,
3,1210,4.0,
3,1291,4.0,
3,653,4.0,
3,2858,4.0,
3,1049,4.0,
3,552,4.0,
3,480,4.0,
3,1196,4.0,
3,590,4.0,
3,1379,4.0,
3,2470,4.0,
3,3168,4.0,
3,1961,4.0,
3,2006,4.0,
3,2871,4.0,
3,2115,4.0,
3,1968,4.0,
3,2081,4.0,
4,2951,4.0,
4,1214,4.0,
4,1036,4.0,
4,480,4.0,
4,1097,4.0,
4,3418,4.0,
4,3702,4.0,
4,2366,4.0,
5,2987,4.0,
5,2333,4.0,
5,1535,4.0,
5,1392,4.0,
5,866,4.0,
5,2770,4.0,
5,1759,4.0,
5,506,4.0,
5,509,4.0,
5,41,4.0,
5,1610,4.0,
5,2700,4.0,
5,296,4.0,
5,728,4.0,
5,2560,4.0,
5,2858,4.0,
5,515,4.0,
5,377,4.0,
5,593,4.0,
5,2289,4.0,
5,162,4.0,
5,3016,4.0,
5,1635,4.0,
5,2723,4.0,
5,1921,4.0,
5,2580,4.0,
5,896,4.0,
5,176,4.0,
5,608,4.0,
5,1715,4.0,
5,1649,4.0,
5,2959,4.0,
5,908,4.0,
5,1580,4.0,
5,1729,4.0,
5,2890,4.0,
5,2029,4.0,
5,551,4.0,
5,1513,4.0,
5,2318,4.0,
5,1517,4.0,
5,3260,4.0,
5,1730,4.0,
5,1449,4.0,
5,2390,4.0,
5,1734,4.0,
5,3267,4.0,
5,919,4.0,
5,1885,4.0,
5,348,4.0,
5,2323,4.0,
5,562,4.0,
5,1095,4.0,
5,1529,4.0,
5,2908,4.0,
5,2692,4.0,
5,32,4.0,
5,1897,4.0,
5,1171,4.0,
5,34,4.0,
5,714,4.0,
6,1101,4.0,
6,3717,4.0,
6,1030,4.0,
6,3578,4.0,
6,364,4.0,
6,3072,4.0,
6,368,4.0,
6,1188,4.0,
6,588,4.0,
6,1,4.0,
6,1043,4.0,
6,595,4.0,
6,383,4.0,
6,1566,4.0,
6,1569,4.0,
6,2006,4.0,
6,2081,4.0,
6,2802,4.0,
6,3534,4.0,
6,838,4.0,
6,266,4.0,
6,17,4.0,
6,3699,4.0,
6,1441,4.0,
6,912,4.0,
6,3624,4.0,
6,2396,4.0,
6,920,4.0,
6,569,4.0,
6,1674,4.0,
6,3565,4.0,
6,1028,4.0,
6,34,4.0,
7,648,4.0,
7,861,4.0,
7,6,4.0,
7,442,4.0,
7,1270,4.0,
7,1573,4.0,
7,3753,4.0,
7,1722,4.0,
7,1580,4.0,
7,1221,4.0,
7,480,4.0,
8,1466,4.0,
8,1682,4.0,
8,1836,4.0,
8,150,4.0,
8,151,4.0,
8,1,4.0,
8,377,4.0,
8,1840,4.0,
8,230,4.0,
8,1120,4.0,
8,527,4.0,
8,1701,4.0,
8,3528,4.0,
8,2442,4.0,
8,1357,4.0,
8,73,4.0,
8,3246,4.0,
8,1573,4.0,
8,105,4.0,
8,1210,4.0,
8,3105,4.0,
8,1580,4.0,
8,3259,4.0,
8,3186,4.0,
8,1589,4.0,
8,14,4.0,
8,265,4.0,
8,16,4.0,
8,266,4.0,
8,17,4.0,
8,269,4.0,
8,555,4.0,
8,1730,4.0,
8,1735,4.0,
8,3481,4.0,
8,2686,4.0,
8,24,4.0,
8,349,4.0,
8,1027,4.0,
8,36,4.0,
9,2268,4.0,
9,1466,4.0,
9,1682,4.0,
9,3793,4.0,
9,720,4.0,
9,3147,4.0,
9,1617,4.0,
9,2278,4.0,
9,223,4.0,
9,3298,4.0,
9,2858,4.0,
9,50,4.0,
9,1265,4.0,
9,2355,4.0,
9,300,4.0,
9,1777,4.0,
9,162,4.0,
9,524,4.0,
9,1704,4.0,
9,745,4.0,
9,2294,4.0,
9,1921,4.0,
9,1639,4.0,
9,1060,4.0,
9,608,4.0,
9,1358,4.0,
9,3751,4.0,
9,1210,4.0,
9,1213,4.0,
9,2302,4.0,
9,1500,4.0,
9,2959,4.0,
9,1148,4.0,
9,2166,4.0,
9,3253,4.0,
9,3255,4.0,
9,1653,4.0,
9,1221,4.0,
9,1223,4.0,
9,3114,4.0,
9,16,4.0,
9,480,4.0,
9,1089,4.0,
9,912,4.0,
9,3408,4.0,
9,3623,4.0,
9,994,4.0,
9,1307,4.0,
9,25,4.0,
9,349,4.0,
9,2762,4.0,
9,2692,4.0,
10,648,4.0,
10,1756,4.0,
10,2054,4.0,
10,2997,4.0,
10,653,4.0,
10,588,4.0,
10,589,4.0,
10,1690,4.0,
10,3296,4.0,
10,2496,4.0,
10,2497,4.0,
10,2498,4.0,
10,7,4.0,
10,2133,4.0,
10,2135,4.0,
10,3948,4.0,
10,2136,4.0,
10,2137,4.0,
10,1408,4.0,
10,592,4.0,
10,2716,4.0,
10,2717,4.0,
10,596,4.0,
10,597,4.0,
10,1411,4.0,
10,2072,4.0,
10,1270,4.0,
10,2078,4.0,
10,1921,4.0,
10,3386,4.0,
10,2657,4.0,
10,317,4.0,
10,318,4.0,
10,2080,4.0,
10,750,4.0,
10,2662,4.0,
10,3034,4.0,
10,2090,4.0,
10,3039,4.0,
10,2093,4.0,
10,904,4.0,
10,2094,4.0,
10,1293,4.0,
10,1294,4.0,
10,765,4.0,
10,1948,4.0,
10,3114,4.0,
10,2316,4.0,
10,1371,4.0,
10,1372,4.0,
10,1374,4.0,
10,1375,4.0,
10,1376,4.0,
10,3481,4.0,
10,2826,4.0,
10,1019,4.0,
10,3489,4.0,
10,344,4.0,
10,2321,4.0,
10,275,4.0,
10,926,4.0,
10,1025,4.0,
10,351,4.0,
10,2405,4.0,
10,938,4.0,
10,1101,4.0,
10,2770,4.0,
10,1031,4.0,
10,1104,4.0,
10,1032,4.0,
10,435,4.0,
10,364,4.0,
10,292,4.0,
10,367,4.0,
10,3072,4.0,
10,368,4.0,
10,48,4.0,
10,1544,4.0,
10,943,4.0,
10,3723,4.0,
10,2355,4.0,
10,3086,4.0,
10,2863,4.0,
10,3593,4.0,
10,2791,4.0,
10,1125,4.0,
10,520,4.0,
10,3668,4.0,
10,1127,4.0,
10,1129,4.0,
10,527,4.0,
10,1633,4.0,
10,2291,4.0,
10,3095,4.0,
10,2294,4.0,
10,3812,4.0,
10,2001,4.0,
10,2002,4.0,
10,2003,4.0,
10,3671,4.0,
10,2005,4.0,
10,1204,4.0,
10,2872,4.0,
10,898,4.0,
10,2009,4.0,
10,899,4.0,
10,1135,4.0,
10,2948,4.0,
10,1136,4.0,
10,2371,4.0,
10,3247,4.0,
10,3174,4.0,
10,2375,4.0,
10,2011,4.0,
10,1210,4.0,
10,1214,4.0,
10,1215,4.0,
10,2018,4.0,
10,542,4.0,
10,543,4.0,
10,3255,4.0,
10,2453,4.0,
10,110,4.0,
10,2529,4.0,
10,1583,4.0,
10,3189,4.0,
10,1586,4.0,
10,2021,4.0,
10,1220,4.0,
10,1225,4.0,
10,2967,4.0,
10,2968,4.0,
10,1084,4.0,
10,480,4.0,
10,3408,4.0,
10,3194,4.0,
10,2393,4.0,
10,2399,4.0,
10,1230,4.0,
10,1233,4.0,
10,1234,4.0,
10,2109,4.0,
10,2617,4.0,
10,203,4.0,
10,1676,4.0,
10,208,4.0,
10,2111,4.0,
10,2040,4.0,
10,3928,4.0,
10,2046,4.0,
10,2047,4.0,
11,1753,4.0,
11,216,4.0,
11,2997,4.0,
11,1188,4.0,
11,663,4.0,
11,1198,4.0,
11,1916,4.0,
11,3448,4.0,
11,1777,4.0,
11,2076,4.0,
11,246,4.0,
11,1288,4.0,
11,3608,4.0,
11,2302,4.0,
11,2746,4.0,
11,333,4.0,
11,2174,4.0,
11,778,4.0,
11,2683,4.0,
11,345,4.0,
11,3129,4.0,
11,2766,4.0,
11,1394,4.0,
11,3148,4.0,
11,1546,4.0,
11,2282,4.0,
11,2791,4.0,
11,1059,4.0,
11,1701,4.0,
11,3160,4.0,
11,1136,4.0,
11,3178,4.0,
11,1213,4.0,
11,88,4.0,
11,1080,4.0,
11,480,4.0,
11,1732,4.0,
11,2539,4.0,
11,1244,4.0,
12,1193,4.0,
12,3897,4.0,
12,3658,4.0,
12,3265,4.0,
12,1303,4.0,
12,999,4.0,
13,1259,4.0,
13,1331,4.0,
13,1262,4.0,
13,590,4.0,
13,1197,4.0,
13,736,4.0,
13,318,4.0,
13,1356,4.0,
13,329,4.0,
13,2161,4.0,
13,1291,4.0,
13,3479,4.0,
13,1372,4.0,
13,1374,4.0,
13,919,4.0,
13,2686,4.0,
13,1527,4.0,
13,780,4.0,
13,296,4.0,
13,1544,4.0,
13,50,4.0,
13,1127,4.0,
13,2370,4.0,
13,1210,4.0,
13,1580,4.0,
13,110,4.0,
13,2028,4.0,
13,480,4.0,
13,2046,4.0,
14,2731,4.0,
14,3033,4.0,
14,2692,4.0,
14,3578,4.0,
14,3081,4.0,
14,1225,4.0,
14,2396,4.0,
15,3421,4.0,
15,648,4.0,
15,141,4.0,
15,3798,4.0,
15,2706,4.0,
15,2707,4.0,
15,2490,4.0,
15,1909,4.0,
15,2567,4.0,
15,3298,4.0,
15,3005,4.0,
15,6,4.0,
15,805,4.0,
15,1193,4.0,
15,1196,4.0,
15,1198,4.0,
15,593,4.0,
15,2571,4.0,
15,300,4.0,
15,161,4.0,
15,1923,4.0,
15,318,4.0,
15,1422,4.0,
15,3461,4.0,
15,3108,4.0,
15,832,4.0,
15,260,4.0,
15,3113,4.0,
15,266,4.0,
15,1370,4.0,
15,3624,4.0,
15,2826,4.0,
15,2683,4.0,
15,3489,4.0,
15,344,4.0,
15,1527,4.0,
15,2762,4.0,
15,2694,4.0,
15,1892,4.0,
15,3499,4.0,
15,1968,4.0,
15,356,4.0,
15,2268,4.0,
15,1466,4.0,
15,1396,4.0,
15,2840,4.0,
15,2841,4.0,
15,2916,4.0,
15,500,4.0,
15,364,4.0,
15,1610,4.0,
15,367,4.0,
15,47,4.0,
15,3147,4.0,
15,3148,4.0,
15,1619,4.0,
15,3723,4.0,
15,2858,4.0,
15,50,4.0,
15,3155,4.0,
15,1625,4.0,
15,1487,4.0,
15,524,4.0,
15,2501,4.0,
15,527,4.0,
15,457,4.0,
15,2433,4.0,
15,1704,4.0,
15,2000,4.0,
15,2001,4.0,
15,2006,4.0,
15,539,4.0,
15,73,4.0,
15,3174,4.0,
15,3176,4.0,
15,3178,4.0,
15,104,4.0,
15,1210,4.0,
15,1213,4.0,
15,3256,4.0,
15,2389,4.0,
15,2028,4.0,
15,553,4.0,
15,480,4.0,
15,628,4.0,
15,3408,4.0,
15,1804,4.0,
15,1805,4.0,
15,2394,4.0,
15,2396,4.0,
15,1597,4.0,
15,1092,4.0,
15,1810,4.0,
15,1672,4.0,
15,2115,4.0,
16,1682,4.0,
16,1269,4.0,
16,2572,4.0,
16,2724,4.0,
16,2581,4.0,
16,2683,4.0,
16,2761,4.0,
16,3175,4.0,
17,2553,4.0,
17,3793,4.0,
17,1909,4.0,
17,223,4.0,
17,3006,4.0,
17,3879,4.0,
17,3510,4.0,
17,590,4.0,
17,2640,4.0,
17,2571,4.0,
17,3375,4.0,
17,163,4.0,
17,164,4.0,
17,2140,4.0,
17,1343,4.0,
17,1921,4.0,
17,3527,4.0,
17,1923,4.0,
17,316,4.0,
17,319,4.0,
17,1356,4.0,
17,1358,4.0,
17,2660,4.0,
17,2661,4.0,
17,3033,4.0,
17,2093,4.0,
17,3471,4.0,
17,2311,4.0,
17,198,4.0,
17,1374,4.0,
17,3624,4.0,
17,2752,4.0,
17,3700,4.0,
17,3701,4.0,
17,780,4.0,
17,2901,4.0,
17,3704,4.0,
17,2407,4.0,
17,2268,4.0,
17,3713,4.0,
17,2912,4.0,
17,3717,4.0,
17,3576,4.0,
17,1610,4.0,
17,3147,4.0,
17,942,4.0,
17,3658,4.0,
17,3156,4.0,
17,2355,4.0,
17,2282,4.0,
17,2287,4.0,
17,2288,4.0,
17,2289,4.0,
17,1127,4.0,
17,1129,4.0,
17,3300,4.0,
17,2501,4.0,
17,1997,4.0,
17,527,4.0,
17,454,4.0,
17,529,4.0,
17,1704,4.0,
17,1635,4.0,
17,1200,4.0,
17,3745,4.0,
17,968,4.0,
17,1069,4.0,
17,3246,4.0,
17,76,4.0,
17,2010,4.0,
17,3751,4.0,
17,1210,4.0,
17,3827,4.0,
17,1213,4.0,
17,1215,4.0,
17,610,4.0,
17,3256,4.0,
17,2527,4.0,
17,2455,4.0,
17,1580,4.0,
17,110,4.0,
17,2529,4.0,
17,1729,4.0,
17,1584,4.0,
17,3699,4.0,
17,480,4.0,
17,628,4.0,
17,3267,4.0,
17,2396,4.0,
17,1594,4.0,
17,2105,4.0,
17,707,4.0,
17,2542,4.0,
17,3418,4.0,
17,3927,4.0,
17,2116,4.0,
17,2117,4.0,
17,2046,4.0,
18,648,4.0,
18,2628,4.0,
18,1682,4.0,
18,1688,4.0,
18,586,4.0,
18,1,4.0,
18,158,4.0,
18,1193,4.0,
18,590,4.0,
18,592,4.0,
18,596,4.0,
18,3448,4.0,
18,2573,4.0,
18,232,4.0,
18,2140,4.0,
18,2078,4.0,
18,313,4.0,
18,1784,4.0,
18,249,4.0,
18,2082,4.0,
18,2085,4.0,
18,2087,4.0,
18,2089,4.0,
18,3399,4.0,
18,1500,4.0,
18,3108,4.0,
18,2167,4.0,
18,838,4.0,
18,17,4.0,
18,2248,4.0,
18,1378,4.0,
18,2826,4.0,
18,1956,4.0,
18,3489,4.0,
18,26,4.0,
18,1527,4.0,
18,1387,4.0,
18,3704,4.0,
18,2764,4.0,
18,1025,4.0,
18,3494,4.0,
18,421,4.0,
18,1029,4.0,
18,288,4.0,
18,2194,4.0,
18,2268,4.0,
18,1396,4.0,
18,1032,4.0,
18,1033,4.0,
18,3578,4.0,
18,292,4.0,
18,44,4.0,
18,2414,4.0,
18,367,4.0,
18,48,4.0,
18,940,4.0,
18,3723,4.0,
18,2797,4.0,
18,1702,4.0,
18,2294,4.0,
18,1639,4.0,
18,2000,4.0,
18,2002,4.0,
18,1200,4.0,
18,1201,4.0,
18,1711,4.0,
18,3247,4.0,
18,2375,4.0,
18,2951,4.0,
18,2018,4.0,
18,1073,4.0,
18,2959,4.0,
18,3252,4.0,
18,1721,4.0,
18,475,4.0,
18,3255,4.0,
18,1654,4.0,
18,1587,4.0,
18,2021,4.0,
18,555,4.0,
18,1805,4.0,
18,3269,4.0,
18,2394,4.0,
18,2100,4.0,
18,2105,4.0,
18,1094,4.0,
18,2542,4.0,
18,2616,4.0,
18,2116,4.0,
19,2987,4.0,
19,2989,4.0,
19,1682,4.0,
19,1756,4.0,
19,1321,4.0,
19,3863,4.0,
19,3793,4.0,
19,2993,4.0,
19,2700,4.0,
19,1259,4.0,
19,2707,4.0,
19,588,4.0,
19,589,4.0,
19,2638,4.0,
19,1909,4.0,
19,3948,4.0,
19,1407,4.0,
19,2139,4.0,
19,1265,4.0,
19,1339,4.0,
19,1197,4.0,
19,1198,4.0,
19,592,4.0,
19,2716,4.0,
19,2644,4.0,
19,2571,4.0,
19,596,4.0,
19,1772,4.0,
19,2648,4.0,
19,1277,4.0,
19,3527,4.0,
19,318,4.0,
19,1350,4.0,
19,2080,4.0,
19,2085,4.0,
19,2087,4.0,
19,3461,4.0,
19,2599,4.0,
19,1291,4.0,
19,2746,4.0,
19,330,4.0,
19,3114,4.0,
19,17,4.0,
19,1370,4.0,
19,1372,4.0,
19,919,4.0,
19,2683,4.0,
19,2687,4.0,
19,2321,4.0,
19,858,4.0,
19,785,4.0,
19,3638,4.0,
19,2836,4.0,
19,3639,4.0,
19,420,4.0,
19,2694,4.0,
19,1029,4.0,
19,32,4.0,
19,356,4.0,
19,3717,4.0,
19,2918,4.0,
19,47,4.0,
19,940,4.0,
19,3081,4.0,
19,377,4.0,
19,380,4.0,
19,2502,4.0,
19,2366,4.0,
19,2000,4.0,
19,3744,4.0,
19,1206,4.0,
19,2947,4.0,
19,2949,4.0,
19,3174,4.0,
19,1645,4.0,
19,1573,4.0,
19,2376,4.0,
19,1210,4.0,
19,3752,4.0,
19,1148,4.0,
19,1722,4.0,
19,2454,4.0,
19,110,4.0,
19,111,4.0,
19,2028,4.0,
19,480,4.0,
19,3264,4.0,
19,1307,4.0,
20,648,4.0,
20,589,4.0,
20,2641,4.0,
20,3527,4.0,
20,1923,4.0,
20,1371,4.0,
20,2858,4.0,
20,457,4.0,
20,70,4.0,
20,2028,4.0,
20,1240,4.0,
21,2800,4.0,
21,3704,4.0,
22,2987,4.0,
22,1253,4.0,
22,3869,4.0,
22,2997,4.0,
22,1259,4.0,
22,585,4.0,
22,589,4.0,
22,223,4.0,
22,1261,4.0,
22,2064,4.0,
22,2138,4.0,
22,2139,4.0,
22,1265,4.0,
22,733,4.0,
22,1196,4.0,
22,1198,4.0,
22,2716,4.0,
22,2141,4.0,
22,2072,4.0,
22,1270,4.0,
22,818,4.0,
22,1921,4.0,
22,3526,4.0,
22,3527,4.0,
22,678,4.0,
22,1282,4.0,
22,1358,4.0,
22,1288,4.0,
22,3608,4.0,
22,180,4.0,
22,1799,4.0,
22,3033,4.0,
22,2161,4.0,
22,1291,4.0,
22,908,4.0,
22,2746,4.0,
22,16,4.0,
22,910,4.0,
22,1517,4.0,
22,2174,4.0,
22,2249,4.0,
22,1884,4.0,
22,3052,4.0,
22,2189,4.0,
22,784,4.0,
22,858,4.0,
22,2762,4.0,
22,1967,4.0,
22,32,4.0,
22,429,4.0,
22,2265,4.0,
22,2193,4.0,
22,1391,4.0,
22,2195,4.0,
22,2916,4.0,
22,2918,4.0,
22,1034,4.0,
22,1036,4.0,
22,368,4.0,
22,47,4.0,
22,2348,4.0,
22,1047,4.0,
22,3660,4.0,
22,3661,4.0,
22,3809,4.0,
22,2791,4.0,
22,1127,4.0,
22,2795,4.0,
22,1994,4.0,
22,380,4.0,
22,3160,4.0,
22,2291,4.0,
22,1200,4.0,
22,2005,4.0,
22,1205,4.0,
22,1136,4.0,
22,532,4.0,
22,70,4.0,
22,3174,4.0,
22,1573,4.0,
22,2011,4.0,
22,1214,4.0,
22,1215,4.0,
22,610,4.0,
22,543,4.0,
22,81,4.0,
22,3253,4.0,
22,110,4.0,
22,111,4.0,
22,1584,4.0,
22,1222,4.0,
22,1080,4.0,
22,3698,4.0,
22,555,4.0,
22,1089,4.0,
22,485,4.0,
22,1732,4.0,
22,2391,4.0,
22,95,4.0,
22,2395,4.0,
22,3917,4.0,
22,2542,4.0,
22,1673,4.0,
22,1747,4.0,
22,1748,4.0,
22,1676,4.0,
22,1240,4.0,
22,2046,4.0,
22,1247,4.0,
23,648,4.0,
23,2628,4.0,
23,3793,4.0,
23,2054,4.0,
23,720,4.0,
23,1258,4.0,
23,3505,4.0,
23,3435,4.0,
23,589,4.0,
23,3000,4.0,
23,1,4.0,
23,2064,4.0,
23,3510,4.0,
23,1267,4.0,
23,1912,4.0,
23,593,4.0,
23,3952,4.0,
23,2148,4.0,
23,674,4.0,
23,3527,4.0,
23,2726,4.0,
23,2657,4.0,
23,1356,4.0,
23,750,4.0,
23,2599,4.0,
23,3104,4.0,
23,1500,4.0,
23,3108,4.0,
23,2160,4.0,
23,2311,4.0,
23,16,4.0,
23,196,4.0,
23,1517,4.0,
23,198,4.0,
23,2174,4.0,
23,1376,4.0,
23,1953,4.0,
23,1958,4.0,
23,21,4.0,
23,3700,4.0,
23,780,4.0,
23,2762,4.0,
23,1965,4.0,
23,32,4.0,
23,39,4.0,
23,1396,4.0,
23,866,4.0,
23,3578,4.0,
23,45,4.0,
23,2858,4.0,
23,50,4.0,
23,52,4.0,
23,1625,4.0,
23,2289,4.0,
23,3809,4.0,
23,1129,4.0,
23,1994,4.0,
23,2797,4.0,
23,2000,4.0,
23,1204,4.0,
23,968,4.0,
23,2009,4.0,
23,2948,4.0,
23,608,4.0,
23,70,4.0,
23,1573,4.0,
23,2011,4.0,
23,2012,4.0,
23,1215,4.0,
23,1077,4.0,
23,2454,4.0,
23,2528,4.0,
23,2455,4.0,
23,1580,4.0,
23,1221,4.0,
23,1223,4.0,
23,2968,4.0,
23,3698,4.0,
23,551,4.0,
23,2600,4.0,
23,1089,4.0,
23,2395,4.0,
23,2100,4.0,
23,1097,4.0,
23,493,4.0,
23,2542,4.0,
23,1748,4.0,
23,3786,4.0,
24,2987,4.0,
24,3424,4.0,
24,1259,4.0,
24,3361,4.0,
24,585,4.0,
24,3000,4.0,
24,153,4.0,
24,2064,4.0,
24,1265,4.0,
24,590,4.0,
24,1197,4.0,
24,2640,4.0,
24,592,4.0,
24,2716,4.0,
24,597,4.0,
24,303,4.0,
24,1777,4.0,
24,2144,4.0,
24,2145,4.0,
24,1270,4.0,
24,3526,4.0,
24,2657,4.0,
24,318,4.0,
24,175,4.0,
24,2081,4.0,
24,2301,4.0,
24,3104,4.0,
24,3039,4.0,
24,902,4.0,
24,1291,4.0,
24,3471,4.0,
24,2671,4.0,
24,261,4.0,
24,2243,4.0,
24,1441,4.0,
24,2245,4.0,
24,2248,4.0,
24,1377,4.0,
24,2683,4.0,
24,2757,4.0,
24,3129,4.0,
24,2836,4.0,
24,2692,4.0,
24,425,4.0,
24,2406,4.0,
24,2407,4.0,
24,1535,4.0,
24,1394,4.0,
24,2915,4.0,
24,2918,4.0,
24,3210,4.0,
24,364,4.0,
24,3072,4.0,
24,2858,4.0,
24,3081,4.0,
24,2352,4.0,
24,2791,4.0,
24,2795,4.0,
24,1057,4.0,
24,2797,4.0,
24,1704,4.0,
24,1633,4.0,
24,1635,4.0,
24,1569,4.0,
24,468,4.0,
24,3175,4.0,
24,3685,4.0,
24,1079,4.0,
24,3254,4.0,
24,1580,4.0,
24,110,4.0,
24,1220,4.0,
24,1225,4.0,
24,3699,4.0,
24,1663,4.0,
24,2396,4.0,
24,2100,4.0,
24,1090,4.0,
24,1094,4.0,
24,1674,4.0,
24,1247,4.0,
25,2987,4.0,
25,3793,4.0,
25,2490,4.0,
25,150,4.0,
25,2712,4.0,
25,1917,4.0,
25,1921,4.0,
25,688,4.0,
25,3114,4.0,
25,3623,4.0,
25,2324,4.0,
25,2253,4.0,
25,780,4.0,
25,3717,4.0,
25,3578,4.0,
25,1129,4.0,
25,1704,4.0,
25,1639,4.0,
25,3745,4.0,
25,3174,4.0,
25,546,4.0,
25,1653,4.0,
25,1580,4.0,
25,480,4.0,
25,2541,4.0,
25,1676,4.0,
26,1179,4.0,
26,3502,4.0,
26,3506,4.0,
26,3361,4.0,
26,1833,4.0,
26,7,4.0,
26,804,4.0,
26,1265,4.0,
26,3441,4.0,
26,597,4.0,
26,1917,4.0,
26,161,4.0,
26,168,4.0,
26,318,4.0,
26,2081,4.0,
26,2802,4.0,
26,3101,4.0,
26,252,4.0,
26,902,4.0,
26,3614,4.0,
26,2312,4.0,
26,16,4.0,
26,2316,4.0,
26,198,4.0,
26,1380,4.0,
26,1457,4.0,
26,852,4.0,
26,3707,4.0,
26,2906,4.0,
26,1961,4.0,
26,1966,4.0,
26,1968,4.0,
26,3206,4.0,
26,2409,4.0,
26,1608,4.0,
26,2268,4.0,
26,1101,4.0,
26,2915,4.0,
26,2916,4.0,
26,361,4.0,
26,2411,4.0,
26,2340,4.0,
26,3584,4.0,
26,2858,4.0,
26,377,4.0,
26,3082,4.0,
26,378,4.0,
26,529,4.0,
26,62,4.0,
26,3098,4.0,
26,1135,4.0,
26,605,4.0,
26,1640,4.0,
26,74,4.0,
26,3173,4.0,
26,2011,4.0,
26,3686,4.0,
26,471,4.0,
26,3257,4.0,
26,1586,4.0,
26,1084,4.0,
26,480,4.0,
26,95,4.0,
26,1307,4.0,
26,1678,4.0,
26,1240,4.0,
27,1180,4.0,
27,2066,4.0,
27,300,4.0,
27,318,4.0,
27,1282,4.0,
27,3037,4.0,
27,2174,4.0,
27,916,4.0,
27,922,4.0,
27,1617,4.0,
27,2289,4.0,
27,2948,4.0,
27,1217,4.0,
27,1073,4.0,
28,1179,4.0,
28,2550,4.0,
28,3793,4.0,
28,2997,4.0,
28,1265,4.0,
28,1411,4.0,
28,1271,4.0,
28,1277,4.0,
28,2657,4.0,
28,318,4.0,
28,2599,4.0,
28,1291,4.0,
28,904,4.0,
28,906,4.0,
28,3548,4.0,
28,260,4.0,
28,334,4.0,
28,2248,4.0,
28,916,4.0,
28,919,4.0,
28,846,4.0,
28,778,4.0,
28,1956,4.0,
28,2321,4.0,
28,1387,4.0,
28,928,4.0,
28,2908,4.0,
28,2762,4.0,
28,39,4.0,
28,1537,4.0,
28,293,4.0,
28,2858,4.0,
28,2282,4.0,
28,1997,4.0,
28,1704,4.0,
28,3097,4.0,
28,1200,4.0,
28,3671,4.0,
28,898,4.0,
28,2947,4.0,
28,1136,4.0,
28,608,4.0,
28,2020,4.0,
28,1224,4.0,
28,551,4.0,
28,3334,4.0,
28,1660,4.0,
28,2398,4.0,
28,1230,4.0,
28,1244,4.0,
29,2991,4.0,
29,2490,4.0,
29,589,4.0,
29,733,4.0,
29,1196,4.0,
29,2661,4.0,
29,3102,4.0,
29,1954,4.0,
29,3633,4.0,
29,3639,4.0,
29,353,4.0,
29,2403,4.0,
29,3062,4.0,
29,2406,4.0,
29,2916,4.0,
29,2366,4.0,
29,3740,4.0,
29,2949,4.0,
29,3753,4.0,
29,1214,4.0,
29,610,4.0,
29,1222,4.0,
29,1085,4.0,
29,480,4.0,
30,2997,4.0,
30,589,4.0,
30,3949,4.0,
30,1265,4.0,
30,2571,4.0,
30,318,4.0,
30,17,4.0,
30,3554,4.0,
30,2686,4.0,
30,2762,4.0,
30,1617,4.0,
30,1041,4.0,
30,2858,4.0,
30,1216,4.0,
30,2028,4.0,
30,2544,4.0,
31,1259,4.0,
31,3363,4.0,
31,2208,4.0,
31,2135,4.0,
31,3516,4.0,
31,2716,4.0,
31,2078,4.0,
31,3524,4.0,
31,2657,4.0,
31,3022,4.0,
31,3462,4.0,
31,3396,4.0,
31,3397,4.0,
31,2302,4.0,
31,3037,4.0,
31,1297,4.0,
31,2245,4.0,
31,2174,4.0,
31,2407,4.0,
31,947,4.0,
31,440,4.0,
31,2355,4.0,
31,951,4.0,
31,957,4.0,
31,2935,4.0,
31,1129,4.0,
31,961,4.0,
31,3675,4.0,
31,898,4.0,
31,3247,4.0,
31,1210,4.0,
31,1580,4.0,
31,3690,4.0,
31,1663,4.0,
31,3341,4.0,
32,1250,4.0,
32,589,4.0,
32,745,4.0,
32,247,4.0,
32,1358,4.0,
32,3101,4.0,
32,266,4.0,
32,3556,4.0,
32,293,4.0,
32,47,4.0,
32,2858,4.0,
32,1208,4.0,
32,608,4.0,
32,3751,4.0,
32,2959,4.0,
32,474,4.0,
32,1088,4.0,
32,3786,4.0,
32,3787,4.0,
33,2550,4.0,
33,2554,4.0,
33,581,4.0,
33,3505,4.0,
33,3507,4.0,
33,3435,4.0,
33,3362,4.0,
33,2633,4.0,
33,3363,4.0,
33,586,4.0,
33,3364,4.0,
33,1834,4.0,
33,589,4.0,
33,150,4.0,
33,2206,4.0,
33,1263,4.0,
33,1266,4.0,
33,1269,4.0,
33,2640,4.0,
33,592,4.0,
33,2716,4.0,
33,2646,4.0,
33,2647,4.0,
33,2648,4.0,
33,2649,4.0,
33,1340,4.0,
33,2070,4.0,
33,2071,4.0,
33,1270,4.0,
33,1344,4.0,
33,1272,4.0,
33,2650,4.0,
33,1784,4.0,
33,1356,4.0,
33,2159,4.0,
33,1357,4.0,
33,3608,4.0,
33,2661,4.0,
33,2662,4.0,
33,1792,4.0,
33,3101,4.0,
33,3102,4.0,
33,3105,4.0,
33,2160,4.0,
33,903,4.0,
33,904,4.0,
33,3471,4.0,
33,3546,4.0,
33,3110,4.0,
33,2313,4.0,
33,1517,4.0,
33,1372,4.0,
33,1374,4.0,
33,2178,4.0,
33,919,4.0,
33,3552,4.0,
33,1953,4.0,
33,1019,4.0,
33,924,4.0,
33,1387,4.0,
33,3635,4.0,
33,2762,4.0,
33,1961,4.0,
33,1028,4.0,
33,3499,4.0,
33,3204,4.0,
33,36,4.0,
33,930,4.0,
33,3068,4.0,
33,931,4.0,
33,1101,4.0,
33,1103,4.0,
33,2916,4.0,
33,431,4.0,
33,508,4.0,
33,2852,4.0,
33,2858,4.0,
33,377,4.0,
33,2353,4.0,
33,2288,4.0,
33,953,4.0,
33,3735,4.0,
33,2791,4.0,
33,1125,4.0,
33,1127,4.0,
33,2795,4.0,
33,1994,4.0,
33,3230,4.0,
33,454,4.0,
33,2001,4.0,
33,1200,4.0,
33,2941,4.0,
33,1130,4.0,
33,2944,4.0,
33,969,4.0,
33,1206,4.0,
33,2009,4.0,
33,1061,4.0,
33,1208,4.0,
33,2948,4.0,
33,1136,4.0,
33,608,4.0,
33,3244,4.0,
33,2010,4.0,
33,3827,4.0,
33,1214,4.0,
33,2455,4.0,
33,1584,4.0,
33,3836,4.0,
33,1222,4.0,
33,1084,4.0,
33,1086,4.0,
33,555,4.0,
33,2391,4.0,
33,2467,4.0,
33,1301,4.0,
33,2109,4.0,
33,1092,4.0,
33,1094,4.0,
33,1096,4.0,
33,3340,4.0,
33,1097,4.0,
33,2612,4.0,
33,3271,4.0,
33,3418,4.0,
33,2115,4.0,
33,1240,4.0,
33,2118,4.0,
33,2983,4.0,
34,3424,4.0,
34,3868,4.0,
34,2700,4.0,
34,587,4.0,
34,1835,4.0,
34,222,4.0,
34,2716,4.0,
34,2572,4.0,
34,1278,4.0,
34,745,4.0,
34,3450,4.0,
34,3524,4.0,
34,1923,4.0,
34,2581,4.0,
34,2081,4.0,
34,3536,4.0,
34,3104,4.0,
34,1500,4.0,
34,3039,4.0,
34,838,4.0,
34,11,4.0,
34,339,4.0,
34,1441,4.0,
34,2174,4.0,
34,1387,4.0,
34,3499,4.0,
34,353,4.0,
34,2406,4.0,
34,39,4.0,
34,1100,4.0,
34,2915,4.0,
34,2413,4.0,
34,2416,4.0,
34,1479,4.0,
34,3087,4.0,
34,3591,4.0,
34,3594,4.0,
34,2792,4.0,
34,2796,4.0,
34,1994,4.0,
34,2432,4.0,
34,1704,4.0,
34,2291,4.0,
34,1207,4.0,
34,605,4.0,
34,539,4.0,
34,1641,4.0,
34,2371,4.0,
34,1219,4.0,
34,543,4.0,
34,1079,4.0,
34,1721,4.0,
34,1722,4.0,
34,3257,4.0,
34,550,4.0,
34,3408,4.0,
34,1735,4.0,
34,2109,4.0,
34,1091,4.0,
34,708,4.0,
34,2478,4.0,
35,3359,4.0,
35,1251,4.0,
35,1252,4.0,
35,1185,4.0,
35,2708,4.0,
35,3365,4.0,
35,1835,4.0,
35,154,4.0,
35,800,4.0,
35,1266,4.0,
35,1269,4.0,
35,1196,4.0,
35,1198,4.0,
35,2571,4.0,
35,2575,4.0,
35,1419,4.0,
35,1278,4.0,
35,3451,4.0,
35,2087,4.0,
35,2088,4.0,
35,1288,4.0,
35,3461,4.0,
35,3467,4.0,
35,3030,4.0,
35,2238,4.0,
35,2239,4.0,
35,904,4.0,
35,1292,4.0,
35,1294,4.0,
35,908,4.0,
35,838,4.0,
35,3549,4.0,
35,1946,4.0,
35,1949,4.0,
35,2312,4.0,
35,17,4.0,
35,2171,4.0,
35,910,4.0,
35,911,4.0,
35,915,4.0,
35,918,4.0,
35,1013,4.0,
35,2682,4.0,
35,28,4.0,
35,1380,4.0,
35,3700,4.0,
35,3703,4.0,
35,3566,4.0,
35,2692,4.0,
35,1028,4.0,
35,3060,4.0,
35,39,4.0,
35,296,4.0,
35,945,4.0,
35,2926,4.0,
35,3584,4.0,
35,2289,4.0,
35,2863,4.0,
35,1124,4.0,
35,1704,4.0,
35,1201,4.0,
35,965,4.0,
35,899,4.0,
35,608,4.0,
35,3751,4.0,
35,1210,4.0,
35,2951,4.0,
35,3681,4.0,
35,3685,4.0,
35,1148,4.0,
35,2385,4.0,
35,1225,4.0,
35,2969,4.0,
35,1733,4.0,
35,123,4.0,
35,2100,4.0,
35,1300,4.0,
1,1193,5.0,
1,2355,5.0,
1,1287,5.0,
1,2804,5.0,
1,595,5.0,
1,1035,5.0,
1,3105,5.0,
1,1270,5.0,
1,527,5.0,
1,48,5.0,
1,1836,5.0,
1,1022,5.0,
1,150,5.0,
1,1,5.0,
1,1961,5.0,
1,1028,5.0,
1,1029,5.0,
1,2028,5.0,
2,1357,5.0,
2,2268,5.0,
2,3468,5.0,
2,3578,5.0,
2,1610,5.0,
2,2236,5.0,
2,1259,5.0,
2,3147,5.0,
2,1293,5.0,
2,110,5.0,
2,3471,5.0,
2,1945,5.0,
2,1225,5.0,
2,515,5.0,
2,480,5.0,
2,2067,5.0,
2,1370,5.0,
2,1193,5.0,
2,590,5.0,
2,1196,5.0,
2,593,5.0,
2,1954,5.0,
2,1124,5.0,
2,1957,5.0,
2,380,5.0,
2,2501,5.0,
2,920,5.0,
2,2002,5.0,
2,1962,5.0,
2,1784,5.0,
2,318,5.0,
2,356,5.0,
2,1246,5.0,
2,1247,5.0,
3,1079,5.0,
3,1615,5.0,
3,1259,5.0,
3,2167,5.0,
3,260,5.0,
3,1266,5.0,
3,733,5.0,
3,2355,5.0,
3,1197,5.0,
3,1198,5.0,
3,1378,5.0,
3,3552,5.0,
3,1304,5.0,
3,3671,5.0,
3,1136,5.0,
4,3468,5.0,
4,260,5.0,
4,2028,5.0,
4,1198,5.0,
4,1954,5.0,
4,1387,5.0,
4,1201,5.0,
4,2692,5.0,
4,2947,5.0,
4,1240,5.0,
5,1175,5.0,
5,2337,5.0,
5,1250,5.0,
5,2997,5.0,
5,1046,5.0,
5,50,5.0,
5,1192,5.0,
5,3083,5.0,
5,2427,5.0,
5,2355,5.0,
5,2571,5.0,
5,3163,5.0,
5,2291,5.0,
5,1213,5.0,
5,2599,5.0,
5,1089,5.0,
5,913,5.0,
5,1732,5.0,
5,2395,5.0,
5,994,5.0,
5,29,5.0,
6,2406,5.0,
6,1688,5.0,
6,1035,5.0,
6,3501,5.0,
6,48,5.0,
6,3074,5.0,
6,597,5.0,
6,3604,5.0,
6,3536,5.0,
6,3753,5.0,
6,1947,5.0,
6,2966,5.0,
6,1088,5.0,
6,199,5.0,
6,914,5.0,
6,3408,5.0,
6,1380,5.0,
7,2916,5.0,
7,1610,5.0,
7,589,5.0,
7,733,5.0,
7,2353,5.0,
7,1196,5.0,
7,2571,5.0,
7,380,5.0,
7,1997,5.0,
7,457,5.0,
7,474,5.0,
7,3256,5.0,
7,110,5.0,
7,2028,5.0,
7,349,5.0,
8,288,5.0,
8,1393,5.0,
8,2916,5.0,
8,650,5.0,
8,296,5.0,
8,3147,5.0,
8,589,5.0,
8,2858,5.0,
8,1265,5.0,
8,2427,5.0,
8,58,5.0,
8,2571,5.0,
8,1916,5.0,
8,163,5.0,
8,1411,5.0,
8,524,5.0,
8,1274,5.0,
8,741,5.0,
8,1704,5.0,
8,2291,5.0,
8,1639,5.0,
8,608,5.0,
8,465,5.0,
8,1213,5.0,
8,253,5.0,
8,3107,5.0,
8,1721,5.0,
8,3256,5.0,
8,908,5.0,
8,1653,5.0,
8,110,5.0,
8,111,5.0,
8,2028,5.0,
8,337,5.0,
8,480,5.0,
8,3265,5.0,
8,3267,5.0,
8,2396,5.0,
8,25,5.0,
8,562,5.0,
8,2329,5.0,
8,1673,5.0,
8,1678,5.0,
8,2692,5.0,
8,2699,5.0,
9,47,5.0,
9,1,5.0,
9,590,5.0,
9,593,5.0,
9,2571,5.0,
9,527,5.0,
9,529,5.0,
9,457,5.0,
9,1923,5.0,
9,318,5.0,
9,1721,5.0,
9,1584,5.0,
9,2890,5.0,
9,2028,5.0,
9,778,5.0,
9,2324,5.0,
9,1961,5.0,
10,2622,5.0,
10,3358,5.0,
10,1682,5.0,
10,2125,5.0,
10,1253,5.0,
10,720,5.0,
10,3500,5.0,
10,1257,5.0,
10,3501,5.0,
10,1831,5.0,
10,3363,5.0,
10,587,5.0,
10,150,5.0,
10,1,5.0,
10,2,5.0,
10,802,5.0,
10,1409,5.0,
10,1265,5.0,
10,1339,5.0,
10,1269,5.0,
10,1196,5.0,
10,590,5.0,
10,1197,5.0,
10,1198,5.0,
10,2640,5.0,
10,594,5.0,
10,595,5.0,
10,2571,5.0,
10,3447,5.0,
10,2140,5.0,
10,1271,5.0,
10,1278,5.0,
10,745,5.0,
10,3451,5.0,
10,1923,5.0,
10,1784,5.0,
10,316,5.0,
10,248,5.0,
10,2081,5.0,
10,1282,5.0,
10,1356,5.0,
10,1357,5.0,
10,2087,5.0,
10,1286,5.0,
10,2804,5.0,
10,3466,5.0,
10,2300,5.0,
10,253,5.0,
10,2599,5.0,
10,2302,5.0,
10,329,5.0,
10,3108,5.0,
10,2161,5.0,
10,3037,5.0,
10,902,5.0,
10,830,5.0,
10,1291,5.0,
10,1292,5.0,
10,2096,5.0,
10,3471,5.0,
10,2746,5.0,
10,1009,5.0,
10,1947,5.0,
10,260,5.0,
10,2312,5.0,
10,339,5.0,
10,1441,5.0,
10,2174,5.0,
10,914,5.0,
10,915,5.0,
10,916,5.0,
10,918,5.0,
10,919,5.0,
10,1016,5.0,
10,1959,5.0,
10,2324,5.0,
10,2252,5.0,
10,1380,5.0,
10,920,5.0,
10,780,5.0,
10,1022,5.0,
10,2762,5.0,
10,1023,5.0,
10,1961,5.0,
10,2693,5.0,
10,1028,5.0,
10,1967,5.0,
10,32,5.0,
10,282,5.0,
10,356,5.0,
10,357,5.0,
10,2407,5.0,
10,2336,5.0,
10,2193,5.0,
10,2918,5.0,
10,1035,5.0,
10,1042,5.0,
10,2423,5.0,
10,2424,5.0,
10,3155,5.0,
10,3087,5.0,
10,953,5.0,
10,954,5.0,
10,3809,5.0,
10,3591,5.0,
10,1124,5.0,
10,2797,5.0,
10,1059,5.0,
10,2501,5.0,
10,2431,5.0,
10,62,5.0,
10,1704,5.0,
10,2436,5.0,
10,3097,5.0,
10,2000,5.0,
10,963,5.0,
10,1200,5.0,
10,3675,5.0,
10,2874,5.0,
10,539,5.0,
10,3175,5.0,
10,1573,5.0,
10,971,5.0,
10,3751,5.0,
10,2012,5.0,
10,2015,5.0,
10,1073,5.0,
10,541,5.0,
10,1148,5.0,
10,1079,5.0,
10,1580,5.0,
10,1653,5.0,
10,1654,5.0,
10,3259,5.0,
10,1584,5.0,
10,1223,5.0,
10,1080,5.0,
10,3699,5.0,
10,1088,5.0,
10,2396,5.0,
10,2398,5.0,
10,2100,5.0,
10,1302,5.0,
10,2105,5.0,
10,2108,5.0,
10,1307,5.0,
10,1097,5.0,
10,2470,5.0,
10,3347,5.0,
10,2115,5.0,
10,1240,5.0,
10,2043,5.0,
10,1243,5.0,
10,2049,5.0,
11,1197,5.0,
11,593,5.0,
11,1923,5.0,
11,2580,5.0,
11,1784,5.0,
11,318,5.0,
11,1358,5.0,
11,2804,5.0,
11,3105,5.0,
11,764,5.0,
11,2329,5.0,
11,2762,5.0,
11,356,5.0,
11,2918,5.0,
11,2858,5.0,
11,50,5.0,
11,3809,5.0,
11,2795,5.0,
11,1704,5.0,
11,1563,5.0,
11,608,5.0,
11,104,5.0,
11,2959,5.0,
11,543,5.0,
11,481,5.0,
11,1089,5.0,
11,994,5.0,
11,2109,5.0,
11,3418,5.0,
12,1198,5.0,
12,593,5.0,
12,2804,5.0,
12,919,5.0,
12,923,5.0,
12,858,5.0,
12,111,5.0,
12,1221,5.0,
13,589,5.0,
13,1196,5.0,
13,1198,5.0,
13,593,5.0,
13,2571,5.0,
13,1287,5.0,
13,260,5.0,
13,421,5.0,
13,527,5.0,
13,1204,5.0,
13,1097,5.0,
14,2997,5.0,
14,1263,5.0,
14,2686,5.0,
14,2762,5.0,
14,296,5.0,
14,2920,5.0,
15,3510,5.0,
15,3578,5.0,
15,3753,5.0,
15,110,5.0,
16,2699,5.0,
16,2355,5.0,
16,2369,5.0,
16,2394,5.0,
16,2975,5.0,
17,1179,5.0,
17,1253,5.0,
17,720,5.0,
17,1185,5.0,
17,3503,5.0,
17,589,5.0,
17,1408,5.0,
17,1265,5.0,
17,1193,5.0,
17,1196,5.0,
17,593,5.0,
17,595,5.0,
17,300,5.0,
17,235,5.0,
17,162,5.0,
17,1270,5.0,
17,1274,5.0,
17,741,5.0,
17,2657,5.0,
17,318,5.0,
17,247,5.0,
17,750,5.0,
17,1284,5.0,
17,2662,5.0,
17,2664,5.0,
17,260,5.0,
17,3114,5.0,
17,2173,5.0,
17,913,5.0,
17,1376,5.0,
17,1019,5.0,
17,2321,5.0,
17,1527,5.0,
17,924,5.0,
17,3703,5.0,
17,2762,5.0,
17,30,5.0,
17,32,5.0,
17,428,5.0,
17,356,5.0,
17,34,5.0,
17,866,5.0,
17,2916,5.0,
17,3578,5.0,
17,293,5.0,
17,3070,5.0,
17,1614,5.0,
17,296,5.0,
17,3148,5.0,
17,1617,5.0,
17,2858,5.0,
17,50,5.0,
17,446,5.0,
17,457,5.0,
17,1206,5.0,
17,3175,5.0,
17,2377,5.0,
17,2011,5.0,
17,1214,5.0,
17,541,5.0,
17,1077,5.0,
17,1653,5.0,
17,2021,5.0,
17,2028,5.0,
17,1301,5.0,
17,3417,5.0,
17,1748,5.0,
17,1240,5.0,
17,2985,5.0,
18,2987,5.0,
18,2989,5.0,
18,2622,5.0,
18,1683,5.0,
18,3793,5.0,
18,2993,5.0,
18,1185,5.0,
18,1259,5.0,
18,1907,5.0,
18,588,5.0,
18,589,5.0,
18,2137,5.0,
18,1408,5.0,
18,2139,5.0,
18,1196,5.0,
18,1197,5.0,
18,1198,5.0,
18,594,5.0,
18,595,5.0,
18,302,5.0,
18,163,5.0,
18,1411,5.0,
18,2141,5.0,
18,2143,5.0,
18,1271,5.0,
18,1274,5.0,
18,741,5.0,
18,1275,5.0,
18,2080,5.0,
18,2081,5.0,
18,2083,5.0,
18,1282,5.0,
18,1357,5.0,
18,2739,5.0,
18,3396,5.0,
18,3397,5.0,
18,3398,5.0,
18,3034,5.0,
18,2161,5.0,
18,2090,5.0,
18,902,5.0,
18,1291,5.0,
18,2096,5.0,
18,1873,5.0,
18,3479,5.0,
18,10,5.0,
18,260,5.0,
18,261,5.0,
18,262,5.0,
18,919,5.0,
18,778,5.0,
18,412,5.0,
18,2686,5.0,
18,920,5.0,
18,3703,5.0,
18,3633,5.0,
18,3635,5.0,
18,1022,5.0,
18,1960,5.0,
18,3639,5.0,
18,1962,5.0,
18,1028,5.0,
18,1967,5.0,
18,1968,5.0,
18,353,5.0,
18,34,5.0,
18,2336,5.0,
18,2193,5.0,
18,364,5.0,
18,296,5.0,
18,1617,5.0,
18,2858,5.0,
18,50,5.0,
18,2355,5.0,
18,527,5.0,
18,2291,5.0,
18,2005,5.0,
18,969,5.0,
18,2872,5.0,
18,1207,5.0,
18,2947,5.0,
18,2948,5.0,
18,531,5.0,
18,2370,5.0,
18,1643,5.0,
18,3175,5.0,
18,3751,5.0,
18,1210,5.0,
18,1215,5.0,
18,2019,5.0,
18,616,5.0,
18,1580,5.0,
18,110,5.0,
18,2020,5.0,
18,2028,5.0,
18,551,5.0,
18,1089,5.0,
18,3260,5.0,
18,1234,5.0,
18,1097,5.0,
18,1678,5.0,
18,2115,5.0,
18,1240,5.0,
18,1242,5.0,
18,1246,5.0,
19,2622,5.0,
19,2991,5.0,
19,720,5.0,
19,1258,5.0,
19,1188,5.0,
19,223,5.0,
19,1,5.0,
19,1261,5.0,
19,1193,5.0,
19,733,5.0,
19,3510,5.0,
19,1196,5.0,
19,593,5.0,
19,2717,5.0,
19,1918,5.0,
19,165,5.0,
19,1270,5.0,
19,1275,5.0,
19,2078,5.0,
19,1278,5.0,
19,1356,5.0,
19,329,5.0,
19,10,5.0,
19,1374,5.0,
19,3624,5.0,
19,2324,5.0,
19,1387,5.0,
19,3633,5.0,
19,3635,5.0,
19,2762,5.0,
19,1961,5.0,
19,2692,5.0,
19,2841,5.0,
19,1036,5.0,
19,1982,5.0,
19,2858,5.0,
19,2423,5.0,
19,3082,5.0,
19,2355,5.0,
19,2860,5.0,
19,3596,5.0,
19,1994,5.0,
19,1997,5.0,
19,2001,5.0,
19,2002,5.0,
19,2948,5.0,
19,1215,5.0,
19,1219,5.0,
19,1073,5.0,
19,2959,5.0,
19,1580,5.0,
19,1220,5.0,
19,2394,5.0,
19,1234,5.0,
19,2976,5.0,
20,1912,5.0,
20,2571,5.0,
20,1527,5.0,
20,3578,5.0,
20,47,5.0,
20,1617,5.0,
20,3753,5.0,
20,110,5.0,
21,2700,5.0,
21,3000,5.0,
21,3745,5.0,
21,1210,5.0,
22,3868,5.0,
22,671,5.0,
22,318,5.0,
22,771,5.0,
22,2324,5.0,
22,1394,5.0,
22,3578,5.0,
22,2858,5.0,
22,608,5.0,
22,1225,5.0,
23,1249,5.0,
23,2997,5.0,
23,1690,5.0,
23,1265,5.0,
23,1196,5.0,
23,2712,5.0,
23,2640,5.0,
23,3032,5.0,
23,3471,5.0,
23,260,5.0,
23,911,5.0,
23,3052,5.0,
23,1527,5.0,
23,2901,5.0,
23,858,5.0,
23,3638,5.0,
23,2692,5.0,
23,2916,5.0,
23,2917,5.0,
23,3576,5.0,
23,1036,5.0,
23,296,5.0,
23,377,5.0,
23,1127,5.0,
23,3740,5.0,
23,610,5.0,
23,1218,5.0,
23,1073,5.0,
23,541,5.0,
23,2527,5.0,
23,1222,5.0,
23,3699,5.0,
23,480,5.0,
23,3265,5.0,
23,3770,5.0,
23,2108,5.0,
23,1306,5.0,
23,1234,5.0,
23,2617,5.0,
23,1240,5.0,
23,2985,5.0,
24,2132,5.0,
24,1263,5.0,
24,1193,5.0,
24,1198,5.0,
24,593,5.0,
24,3448,5.0,
24,1358,5.0,
24,1288,5.0,
24,1296,5.0,
24,260,5.0,
24,912,5.0,
24,919,5.0,
24,3552,5.0,
24,1958,5.0,
24,1959,5.0,
24,920,5.0,
24,858,5.0,
24,1968,5.0,
24,296,5.0,
24,50,5.0,
24,953,5.0,
24,527,5.0,
24,608,5.0,
24,1213,5.0,
24,1073,5.0,
24,1221,5.0,
24,2028,5.0,
24,1230,5.0,
24,1307,5.0,
25,2628,5.0,
25,2709,5.0,
25,223,5.0,
25,1196,5.0,
25,1198,5.0,
25,2716,5.0,
25,1270,5.0,
25,1356,5.0,
25,1291,5.0,
25,2676,5.0,
25,260,5.0,
25,1372,5.0,
25,1374,5.0,
25,1376,5.0,
25,2692,5.0,
25,1610,5.0,
25,3156,5.0,
25,2501,5.0,
25,2502,5.0,
25,1205,5.0,
25,1573,5.0,
25,2011,5.0,
25,2012,5.0,
25,1210,5.0,
25,3753,5.0,
25,2028,5.0,
26,1682,5.0,
26,1259,5.0,
26,3360,5.0,
26,5,5.0,
26,2146,5.0,
26,3526,5.0,
26,1784,5.0,
26,3543,5.0,
26,1876,5.0,
26,2243,5.0,
26,412,5.0,
26,2321,5.0,
26,356,5.0,
26,2262,5.0,
26,1393,5.0,
26,1394,5.0,
26,45,5.0,
26,511,5.0,
26,3152,5.0,
26,2352,5.0,
26,3156,5.0,
26,524,5.0,
26,454,5.0,
26,3308,5.0,
26,1704,5.0,
26,2447,5.0,
26,2528,5.0,
26,118,5.0,
26,2020,5.0,
26,3261,5.0,
26,3263,5.0,
26,3194,5.0,
26,2469,5.0,
26,2541,5.0,
26,499,5.0,
26,207,5.0,
27,1248,5.0,
27,1250,5.0,
27,1252,5.0,
27,1254,5.0,
27,2997,5.0,
27,3435,5.0,
27,3364,5.0,
27,1262,5.0,
27,1267,5.0,
27,1198,5.0,
27,1276,5.0,
27,3469,5.0,
27,3030,5.0,
27,905,5.0,
27,1294,5.0,
27,908,5.0,
27,260,5.0,
27,910,5.0,
27,912,5.0,
27,913,5.0,
27,923,5.0,
27,2186,5.0,
27,926,5.0,
27,858,5.0,
27,930,5.0,
27,1394,5.0,
27,947,5.0,
27,2858,5.0,
27,951,5.0,
27,3730,5.0,
27,955,5.0,
27,1204,5.0,
27,1207,5.0,
27,898,5.0,
27,1136,5.0,
27,971,5.0,
27,3683,5.0,
27,541,5.0,
27,1237,5.0,
27,1097,5.0,
28,2132,5.0,
28,1196,5.0,
28,1197,5.0,
28,1198,5.0,
28,1278,5.0,
28,1284,5.0,
28,1285,5.0,
28,902,5.0,
28,912,5.0,
28,1968,5.0,
28,930,5.0,
28,2918,5.0,
28,50,5.0,
28,954,5.0,
28,527,5.0,
28,1210,5.0,
28,1214,5.0,
28,1225,5.0,
28,2396,5.0,
28,1247,5.0,
29,2993,5.0,
29,1262,5.0,
29,1198,5.0,
29,3527,5.0,
29,318,5.0,
29,1287,5.0,
29,2662,5.0,
29,1799,5.0,
29,260,5.0,
29,3702,5.0,
29,1387,5.0,
29,858,5.0,
29,288,5.0,
29,1036,5.0,
29,3726,5.0,
29,50,5.0,
29,1204,5.0,
29,2944,5.0,
29,2527,5.0,
29,110,5.0,
29,2529,5.0,
29,1220,5.0,
29,3836,5.0,
29,1225,5.0,
29,3405,5.0,
29,1304,5.0,
29,2115,5.0,
29,1240,5.0,
30,1176,5.0,
30,3943,5.0,
30,593,5.0,
30,50,5.0,
30,527,5.0,
30,1097,5.0,
31,648,5.0,
31,3507,5.0,
31,1265,5.0,
31,1269,5.0,
31,1197,5.0,
31,1270,5.0,
31,3028,5.0,
31,2080,5.0,
31,1937,5.0,
31,2300,5.0,
31,3039,5.0,
31,905,5.0,
31,2747,5.0,
31,910,5.0,
31,356,5.0,
31,357,5.0,
31,933,5.0,
31,2918,5.0,
31,2423,5.0,
31,3088,5.0,
31,955,5.0,
31,1125,5.0,
31,2366,5.0,
31,3096,5.0,
31,2000,5.0,
31,2001,5.0,
31,3671,5.0,
31,2371,5.0,
31,1073,5.0,
31,480,5.0,
31,1304,5.0,
31,1307,5.0,
31,1234,5.0,
32,593,5.0,
32,1296,5.0,
32,2762,5.0,
32,32,5.0,
32,3072,5.0,
32,3147,5.0,
32,3079,5.0,
32,2020,5.0,
32,2108,5.0,
33,2991,5.0,
33,1253,5.0,
33,2993,5.0,
33,1258,5.0,
33,1259,5.0,
33,1189,5.0,
33,2565,5.0,
33,1333,5.0,
33,1339,5.0,
33,1193,5.0,
33,1196,5.0,
33,1198,5.0,
33,593,5.0,
33,2644,5.0,
33,3019,5.0,
33,1343,5.0,
33,3527,5.0,
33,678,5.0,
33,3386,5.0,
33,318,5.0,
33,1358,5.0,
33,2664,5.0,
33,1291,5.0,
33,908,5.0,
33,260,5.0,
33,914,5.0,
33,1955,5.0,
33,1956,5.0,
33,1885,5.0,
33,345,5.0,
33,349,5.0,
33,2183,5.0,
33,858,5.0,
33,3639,5.0,
33,3498,5.0,
33,2194,5.0,
33,2268,5.0,
33,1035,5.0,
33,1610,5.0,
33,3072,5.0,
33,47,5.0,
33,3147,5.0,
33,949,5.0,
33,1982,5.0,
33,1997,5.0,
33,1635,5.0,
33,2000,5.0,
33,1201,5.0,
33,2871,5.0,
33,1207,5.0,
33,2947,5.0,
33,1210,5.0,
33,1213,5.0,
33,3682,5.0,
33,1219,5.0,
33,1079,5.0,
33,474,5.0,
33,1721,5.0,
33,3256,5.0,
33,2529,5.0,
33,111,5.0,
33,1729,5.0,
33,1221,5.0,
33,1225,5.0,
33,480,5.0,
33,1089,5.0,
33,1300,5.0,
33,3844,5.0,
33,1234,5.0,
33,1674,5.0,
33,1246,5.0,
34,1680,5.0,
34,2485,5.0,
34,1258,5.0,
34,1259,5.0,
34,3361,5.0,
34,1,5.0,
34,2133,5.0,
34,3510,5.0,
34,2710,5.0,
34,1196,5.0,
34,1197,5.0,
34,597,5.0,
34,2144,5.0,
34,2145,5.0,
34,1270,5.0,
34,1784,5.0,
34,318,5.0,
34,1285,5.0,
34,2804,5.0,
34,2302,5.0,
34,3033,5.0,
34,2671,5.0,
34,17,5.0,
34,2248,5.0,
34,919,5.0,
34,2324,5.0,
34,2329,5.0,
34,1028,5.0,
34,1968,5.0,
34,356,5.0,
34,34,5.0,
34,2261,5.0,
34,1393,5.0,
34,933,5.0,
34,2918,5.0,
34,2858,5.0,
34,441,5.0,
34,2424,5.0,
34,3088,5.0,
34,2791,5.0,
34,2794,5.0,
34,2795,5.0,
34,1997,5.0,
34,2000,5.0,
34,2001,5.0,
34,2375,5.0,
34,1148,5.0,
34,2888,5.0,
34,2396,5.0,
34,1307,5.0,
34,1097,5.0,
34,497,5.0,
35,3871,5.0,
35,1264,5.0,
35,1197,5.0,
35,1283,5.0,
35,824,5.0,
35,1358,5.0,
35,2731,5.0,
35,2732,5.0,
35,2300,5.0,
35,2303,5.0,
35,902,5.0,
35,1945,5.0,
35,912,5.0,
35,919,5.0,
35,1964,5.0,
35,1103,5.0,
35,2858,5.0,
35,3152,5.0,
35,3083,5.0,
35,3088,5.0,
35,953,5.0,
35,2932,5.0,
35,3091,5.0,
35,3671,5.0,
35,969,5.0,
35,1136,5.0,
35,971,5.0,
35,2019,5.0,
35,1217,5.0,
35,1080,5.0,
35,2396,5.0,
